0 SCALE_EMI_DMS SCALE_EMI_SHP_SO2 SCALE_EMI_ANTNS_SO2 SCALE_EMI_ANT_BC SCALE_EMI_ANT_OC SCALE_EMI_BB_SO2 SCALE_EMI_BB_BC SCALE_EMI_BB_OC SCALE_FRICV SCALE_EMI_SS_ACC SCALE_EMI_SS_COARSE SCALE_SEASALT_EXPO SCALE_EMI_CMR_FF SCALE_EMI_CMR_BB BC_RAD_NI DU_RAD_NI OC_RAD_NI SCALE_SO2_REACTIONS SCALE_DMS_REACTIONS SCALE_WETDEP_IC SCALE_WETDEP_BC SCALE_DRYDEP_ACC SCALE_SO4_COATING KAPPA_SO4 KAPPA_OC SCALE_ACTIVATION SCALE_VERTICAL_VELOCITY SCALE_NUC_FT INSTALL START END
PPE_ENS_1 2.9169886 0.4587414 1.6350213 0.6945437 1.2684154 0.6804984 2.1779706 0.3547156 1.0325264 0.6174103 1.3836287 0.9179186 2.7799298e-08 2.2506138e-07 0.4944270 1.4530680e-03 1.3074770e-02 1.4902589 0.6645956 1.0559512 0.5731958 1.0054015 1.5505382 0.3246310 7.0455385e-02 0.8734701 0.6650946 1.8495795 0 0 0
PPE_ENS_2 1.3970007 2.8397680 1.7602432 1.2045878 0.8732077 3.0425883 2.4719828 3.1893622 0.9118379 2.3612514 0.7228569 1.0332500 2.3416179e-08 1.2974672e-07 0.5729274 4.0671464e-03 2.9721519e-02 1.6039793 0.9152924 1.0142491 1.3754163 0.6515771 2.0399092 0.3384362 6.0507377e-02 0.8217602 1.9526358 5.6865994 0 0 0
PPE_ENS_3 0.9273401 0.9602421 1.4646155 0.7966979 0.6212986 2.6983305 3.1107606 3.4967804 0.8861023 0.2307523 1.4580405 0.9102301 4.4373042e-08 2.1424611e-07 0.5897822 2.6910302e-03 6.5343820e-02 1.4037551 1.5923193 0.8784582 0.8091843 2.2271029 0.3999838 0.4429505 9.3426440e-02 0.9295697 1.0037729 8.7165220 0 0 0
PPE_ENS_4 1.7470440 2.1508488 0.6612696 1.4762350 0.6464184 2.7103958 0.2956772 1.8178876 0.9014403 1.5252307 1.7904950 1.0662180 2.6111136e-08 1.9141031e-07 0.5130955 2.4366918e-03 3.1131772e-02 1.3581435 1.2024339 0.9413755 1.4877790 5.8283876 1.8227953 0.7381233 4.5946512e-02 1.1964435 1.7199410 0.8921653 0 0 0
PPE_ENS_5 1.6152317 0.8950094 1.7053243 1.0924301 1.2957880 3.1962230 3.7890154 1.3668399 0.8564336 0.9165744 0.9047813 1.0627480 4.4948905e-08 1.0972784e-07 0.2495471 1.9892507e-03 4.8922161e-02 1.9737018 1.3460723 1.2045220 1.6291451 0.4987001 2.9770085 0.7078829 0.1204564 1.0523978 0.8060853 0.4511845 0 0 0
PPE_ENS_6 1.0896188 0.3265079 0.9124143 0.9366837 0.6436163 3.2921040 1.7714448 3.4312343 1.0695822 0.5002870 1.8213053 0.9989519 3.7959649e-08 6.0580940e-08 0.5796609 1.4237576e-03 1.3621763e-02 1.5907609 1.2545750 1.0683471 0.7549190 3.5949947 2.0110946 0.7805435 9.9684255e-02 1.2427722 1.2589044 2.4796490 0 0 0
PPE_ENS_7 2.3280725 0.2613974 1.5248325 1.7690137 1.7779651 0.9377801 0.8496843 1.0326605 1.0409738 0.9632465 1.8789132 0.9211739 2.4467330e-08 1.3492334e-07 0.6899802 1.8382747e-03 4.4109292e-02 1.6887113 1.9409462 0.8751381 0.5868323 3.8231270 3.6028047 0.7087814 0.1555376 0.9072528 1.7426034 3.1432026 0 0 0
PPE_ENS_8 2.0903941 1.6268211 1.2300112 1.3981227 0.8037740 3.6367767 3.2563313 2.6201111 1.0556393 0.6527116 2.2191595 0.9974102 3.0937723e-08 8.5051638e-08 0.6490573 4.5737228e-03 1.3359059e-02 0.5127615 1.3566929 0.7717185 0.5396527 0.3540088 1.7924391 0.7944619 6.1987199e-02 1.1719604 1.3083395 3.2683820 0 0 0
PPE_ENS_9 0.4006899 3.8069404 1.2947435 0.7535868 1.6709798 1.3024473 1.7038478 3.6093516 1.0798757 1.9420789 2.5015066 1.0747775 2.7499160e-08 9.0245927e-08 0.3916853 5.6360574e-04 3.3305253e-02 0.9020943 0.7410691 1.1120709 1.9336029 0.4135798 3.1847437 0.3310316 0.1967550 0.9946646 1.5681444 4.6864547 0 0 0
PPE_ENS_10 2.2228319 0.7963124 0.7510661 1.5625728 1.2262142 3.8429600 3.1422569 2.4157303 0.9890724 1.3181234 1.6255906 0.9160175 3.5670009e-08 1.5412102e-07 0.6333642 5.2600476e-03 1.7646687e-02 1.4553716 1.7476816 1.0993738 1.0902120 5.4682875 0.4245852 0.5623103 0.3473317 1.2070529 1.6189202 2.9214771 0 0 0
PPE_ENS_11 0.8425372 1.1776237 0.6679571 1.5954921 1.4499555 2.9190108 0.7390229 2.5474294 0.8945718 2.5749948 2.1032072 1.0739994 2.1319478e-08 4.9748466e-08 0.7442423 8.2363181e-04 2.5244992e-02 0.8954049 1.4122923 0.8440878 1.4165195 2.3336790 2.0989164 0.4883700 9.5363560e-02 1.1532530 1.5619981 0.3473308 0 0 0
PPE_ENS_12 2.2113989 0.5050914 1.1480417 0.9244674 0.9448621 2.2960592 0.6309828 0.3984640 0.9756613 0.7608485 1.5715869 0.9874612 2.4183701e-08 5.0913503e-08 0.6742055 3.6547256e-03 5.5708172e-03 1.6865661 1.8295597 0.8977627 1.2300004 0.6694648 1.5172386 0.4347783 0.2158943 1.2359687 1.2985578 0.2671695 0 0 0
PPE_ENS_13 1.7162801 0.2762707 1.5363622 0.6519689 0.6808190 2.9848333 0.2551848 2.7002510 0.9998020 0.6853548 2.0616126 1.0959751 3.3740809e-08 3.2452080e-08 0.5035534 2.1886874e-03 1.8576130e-02 1.1972981 0.7662214 1.0298032 0.9642500 0.7453324 0.9434038 0.5942274 2.0279112e-02 0.8442792 1.4290207 2.0031234 0 0 0
PPE_ENS_14 1.5833194 2.5172490 1.1885631 1.0407032 1.4543400 0.4106691 2.9032582 3.8220251 0.8658116 1.4929517 1.6683249 1.0547054 4.4225144e-08 1.5858317e-07 0.5639817 1.1717643e-03 4.0762076e-02 1.2517141 0.5771841 1.2317280 1.5780506 1.6218312 1.0195228 0.3098100 0.2273500 1.2492893 0.5781147 3.4010207 0 0 0
PPE_ENS_15 2.3999041 1.2414829 1.5172230 0.6056587 1.3202141 1.0337020 1.2169648 3.6298239 1.0295652 1.9726269 1.6595144 0.9431391 2.8933254e-08 7.6578604e-08 0.7728841 7.0726651e-04 2.0344265e-03 1.0840083 1.1059400 1.2232400 1.1564163 2.3610203 1.3393725 0.5150868 0.1538981 0.7991627 0.7688515 1.4905200 0 0 0
PPE_ENS_16 2.1813071 1.1553340 1.6470642 0.6093167 1.8090783 0.3947738 3.4395223 3.0726656 0.8672756 0.4866982 1.8595408 1.0409999 2.4581061e-08 3.7658398e-08 0.7040492 3.5301581e-03 9.4781644e-03 1.2744791 0.9235389 0.7587604 1.2740177 4.6496197 1.1205802 0.5755919 0.1421949 0.8797909 0.9921981 0.2358951 0 0 0
PPE_ENS_17 0.3719658 2.6585232 0.9219922 1.1760151 0.8857474 2.0759782 3.2119513 1.4475402 0.8683094 2.3398629 0.4937071 1.0511319 3.4289331e-08 6.8383941e-08 0.5576975 6.2631256e-04 4.1290999e-02 0.6837100 1.2361616 1.1513350 1.9607594 1.4519634 2.4210292 0.3537936 0.1551185 1.1369274 1.1003489 5.5639603 0 0 0
PPE_ENS_18 1.4383288 2.9996672 0.7044778 1.2952543 1.4985116 3.2122469 2.6469680 3.6468327 1.0231785 1.8498102 2.3810328 1.0773498 2.6850786e-08 7.9787568e-08 0.6874549 3.4595658e-03 6.2475416e-03 1.0294807 1.6934481 0.9808571 1.3966195 1.4837407 1.2468001 0.3666100 0.1666501 0.8147532 1.7167371 3.9850361 0 0 0
PPE_ENS_19 2.2713090 1.9804905 0.6062917 1.1081060 0.8317668 1.9773888 1.8812738 1.9763772 1.0085621 1.0311451 0.9094177 0.9449573 3.0373374e-08 7.4743046e-08 0.8244407 3.1598462e-03 2.0364824e-02 0.7233624 1.2226738 0.9678061 1.2448514 3.4210886 2.7209362 0.5493727 0.2646111 1.0417501 1.8065325 0.5354427 0 0 0
PPE_ENS_20 2.7221772 2.2969912 0.7233786 1.0837822 1.2129099 3.3802662 2.2187898 0.7637146 0.9214882 1.7608633 0.5560064 0.9602769 3.5037540e-08 1.2453076e-07 0.5836047 5.6669607e-03 3.5194993e-02 1.8125127 1.8783607 1.0565232 1.4616238 2.3430284 2.4037934 0.4144486 8.3854287e-02 1.1880636 0.6037389 1.6974974 0 0 0
PPE_ENS_21 2.8868657 1.7571243 0.9357880 1.1131346 0.7718717 3.5297787 0.9613647 3.6217989 0.9649775 1.3470491 0.7929517 0.9775428 2.3962616e-08 3.8935030e-08 0.5651337 4.5268788e-03 2.0045596e-02 0.7593495 1.6154878 1.0090935 0.3563171 0.4378486 2.8977180 0.5468761 5.9497085e-02 0.8413495 1.9404809 5.8808586 0 0 0
PPE_ENS_22 2.1663911 0.7986125 1.2542464 1.3879203 1.3516973 2.0367121 1.2936450 1.6718915 0.8880020 1.1153343 1.8394530 1.0818588 3.2004990e-08 1.8732495e-07 0.7056859 8.6172782e-04 1.7125135e-02 1.1909044 1.3371645 1.1168116 1.0692959 2.1632146 0.4886780 0.3446221 0.1212824 0.9115434 1.5052534 1.2540660 0 0 0
PPE_ENS_23 2.3154135 2.8179644 0.8420218 0.6631973 1.3303592 0.3080518 0.3654701 0.4978577 0.8607710 1.2379794 2.5592921 1.0430265 3.0332397e-08 7.2134963e-08 0.5046572 7.1688161e-04 3.9829291e-02 0.7048134 1.4554957 0.9842388 0.6556723 1.7396963 3.2264688 0.7021722 2.4848938e-02 1.0456798 0.6607625 4.7627274 0 0 0
PPE_ENS_24 0.7641120 0.9211823 1.1225819 0.7736378 1.5426161 2.8086621 3.0710324 3.9985727 0.9616758 1.6997572 2.2458843 0.9798722 2.0533399e-08 1.1280376e-07 0.7645351 1.6815431e-03 7.6792101e-03 1.4067041 0.7206722 1.1296004 1.4207542 0.1183573 1.4110823 0.6602477 2.7507630e-02 0.9733729 1.9784950 1.7795942 0 0 0
PPE_ENS_25 2.4737404 1.5003942 0.8484846 0.8321470 1.7028006 1.4755783 3.6642700 3.2185882 0.8750135 0.8537167 0.6565834 1.0173366 4.3253863e-08 1.0567770e-07 0.6577359 1.3006041e-03 1.8288990e-02 1.2588171 1.8521650 1.1819187 1.4742301 2.4515834 0.3795682 0.6249875 0.1675500 1.0965786 1.2033943 1.3222817 0 0 0
PPE_ENS_26 0.2695714 3.2617654 0.9672029 1.8088608 0.6898372 3.5778817 1.5372195 0.3817693 0.9596890 1.0966398 1.1731709 1.0063859 3.6466586e-08 1.1396826e-07 0.3894159 2.4954930e-03 3.2629084e-02 1.8311104 1.2462739 0.9746040 0.8372520 3.5506279 1.8889262 0.4926090 4.8058417e-02 1.1317786 0.5893927 2.7904598 0 0 0
PPE_ENS_27 0.9084352 0.9704127 1.5894944 1.1387339 0.6655178 3.5975143 2.7232622 3.9743960 1.0355429 0.7917123 1.2465578 0.9832804 4.1356928e-08 1.3557285e-07 0.6410755 2.2348871e-03 1.9507364e-02 1.5195431 1.2671158 1.2241438 0.7353964 3.0111740 0.5875978 0.4475173 5.4456167e-02 1.0871473 1.9042066 1.5106793 0 0 0
PPE_ENS_28 2.3266951 2.1329083 1.4869515 1.1866250 1.0091868 1.2276930 2.8315024 0.4065826 0.9947262 0.5143691 0.7430705 1.0247101 1.7946343e-08 1.2954306e-07 0.5198025 2.0169338e-03 2.5950865e-02 0.5903595 1.0329829 0.7817990 1.9775145 3.6063453 4.5579967 0.3544731 0.2279617 1.1741647 1.7678157 4.9091029 0 0 0
PPE_ENS_29 0.3548801 0.6777438 1.3226371 0.7408522 0.7906167 3.3496438 2.8883421 2.5425154 0.9114528 0.5484878 2.7015093 1.0439211 2.0739295e-08 1.1052247e-07 0.3725163 2.6406977e-03 5.4474150e-02 1.0487359 0.9459197 0.8398168 0.6090896 1.3691949 3.7023133 0.3519891 5.9966713e-02 1.0648428 1.5803042 1.8633641 0 0 0
PPE_ENS_30 1.5205445 1.1030727 1.1950335 1.4463935 1.8246444 0.5115222 0.5506322 0.7555507 0.9570349 0.3442943 0.4120046 0.9264355 3.5872799e-08 1.2792126e-07 0.7187720 1.6043452e-03 5.5051545e-03 1.6767933 0.5562060 0.8012596 1.8308294 2.8775871 0.8394269 0.4210555 0.1644262 0.9389003 0.8590374 4.3601597 0 0 0
PPE_ENS_31 2.7886598 0.7811790 0.6812775 0.9528018 0.6110959 3.0996427 3.7568001 3.6919034 1.0431393 0.3421255 1.6404348 1.0616657 3.7123985e-08 8.2998474e-08 0.6778262 1.9382001e-03 1.6876325e-02 0.9624456 1.9642883 0.9484645 1.6458013 2.9762171 1.8282499 0.4404975 7.3209911e-02 1.1766898 0.7848875 2.0866297 0 0 0
PPE_ENS_32 1.0140038 2.7177618 1.6157833 1.4827233 1.1750754 2.3853919 1.3540335 3.3291088 0.9209746 2.5438509 0.5155906 0.9500308 1.7099923e-08 1.2140904e-07 0.6157602 6.5328870e-04 3.1725916e-02 1.4444692 1.3644312 1.1435337 1.9827003 0.7533458 4.1338962 0.3680981 0.2041745 1.2214964 1.2262825 4.3816864 0 0 0
PPE_ENS_33 1.7023404 1.4343364 1.1184956 0.9164292 0.6942959 2.2687979 1.6517523 2.6652444 0.9516110 1.9310028 0.5257877 0.9537517 3.3122216e-08 9.7155276e-08 0.5271062 4.6478999e-03 5.1460068e-02 0.5373212 1.6983061 1.0161845 2.0234558 0.8316553 2.3533523 0.4573668 0.1841560 0.9331873 1.2353384 1.5663892 0 0 0
PPE_ENS_34 0.5947511 3.2987240 1.5714844 1.2656045 0.7484325 0.6349404 3.5249945 0.6417199 1.0097928 0.4405815 0.9800028 0.9064366 2.7627098e-08 6.5067578e-08 0.7590888 3.4966312e-03 5.0449819e-02 1.6449162 1.1712866 1.1274743 1.1213208 1.7857727 2.1634882 0.6239555 7.5826313e-02 0.8050857 1.8925652 4.2389446 0 0 0
PPE_ENS_35 2.1837206 2.3234933 1.3691458 1.2913250 1.3951228 1.1539135 0.9866808 1.1341019 0.9967999 1.4700275 2.0119334 1.0531773 1.6489769e-08 1.4999491e-07 0.2179416 4.1114288e-03 7.3646002e-02 0.9505273 0.7778017 1.0630022 2.3511938 3.8888806 1.9816232 0.7407614 6.9477452e-02 0.9648860 1.3954597 2.4307325 0 0 0
PPE_ENS_36 1.7389469 1.4023042 1.1657886 1.4403877 1.1579274 1.2940139 2.1627964 1.7711588 0.8866290 2.1408115 1.4441018 0.9569051 3.1814068e-08 1.6206011e-07 0.7530944 2.4423696e-03 2.4338175e-02 1.2633611 0.8685701 1.0432557 1.6873172 4.4027548 3.9883190 0.7427967 0.1378575 0.8388320 0.6466839 3.1206658 0 0 0
PPE_ENS_37 0.7087649 0.9422132 1.2708695 0.8347395 1.6495055 0.3449125 2.5803269 1.0751477 0.9585621 1.0754698 0.8214346 1.0939257 4.3559241e-08 9.6610561e-08 0.4317205 3.9268088e-03 3.7499023e-03 1.0343021 0.5362809 1.2272012 0.9159796 4.5708349 2.6827261 0.6525829 0.2517844 1.1130908 1.1075065 0.7502273 0 0 0
PPE_ENS_38 1.5473694 0.8778142 0.8065217 1.5401742 1.0854428 3.9503145 0.9729565 2.7251383 0.9501559 2.6446865 1.0788690 1.0983193 3.4587057e-08 9.0790937e-08 0.6215569 1.6435751e-03 4.4577442e-02 1.5823025 1.4395673 1.2079549 2.4880307 3.8591849 0.9009266 0.6411351 0.1806114 1.0281051 0.7778056 0.1681388 0 0 0
PPE_ENS_39 2.3852539 1.3740864 1.8872355 0.8151732 0.7068735 3.9610936 2.3922136 2.3756214 0.9000874 1.5603464 0.3343934 0.9681733 3.6314064e-08 1.3443039e-07 0.6731741 2.2728838e-04 1.7414863e-03 1.2732494 0.8227899 1.1102958 0.4736264 1.7148904 1.6744155 0.3489643 0.1870870 1.2163739 0.6768813 0.5128001 0 0 0
PPE_ENS_40 0.7920041 1.6740206 1.3878883 0.7037493 0.8374117 3.3110065 1.2454390 0.2618815 1.0452041 1.3133308 2.0926132 1.0727594 2.3697581e-08 2.0970925e-07 0.8217592 7.2770293e-03 2.7425722e-03 1.9245041 1.5078080 0.9256803 1.3809598 0.9372216 2.3177510 0.5341184 0.1752098 0.9579290 0.7500074 4.7342416 0 0 0
PPE_ENS_41 2.8097613 2.4230314 1.3440363 1.0134807 1.3687390 1.1055537 2.5588175 3.0864221 0.9662785 0.8114884 1.2728613 1.0814615 1.9124581e-08 6.0906404e-08 0.3561503 2.3588112e-03 2.7668399e-02 1.3100645 0.5693756 1.1549578 1.2799551 2.4090526 0.6707044 0.3812261 0.1888079 0.8106998 1.4055460 0.4736382 0 0 0
PPE_ENS_42 0.4063365 1.0317713 0.7471572 1.7376787 0.8380338 3.6411326 1.6323264 0.6231754 0.9505411 0.5082621 2.0597399 1.0798613 2.4753239e-08 1.2327912e-07 0.4607688 1.2889628e-03 2.0845764e-02 1.5971830 1.1649085 0.7968548 0.4360341 2.7883758 1.1904337 0.5209546 0.1494698 0.9815136 1.5190160 1.0145438 0 0 0
PPE_ENS_43 2.2016896 1.5738188 1.0143653 0.8835982 1.0657642 3.7971028 3.7199813 0.4741189 1.0389633 1.3607772 1.3350162 1.0518307 3.4687235e-08 5.9429627e-08 0.7725037 4.4738809e-03 1.9021418e-02 1.2370336 1.1207778 1.2149108 0.7200277 1.8788794 2.2069640 0.4643422 3.9804234e-02 0.8553137 1.7527783 3.2271802 0 0 0
PPE_ENS_44 2.3430052 2.1085999 1.9017127 0.6160314 1.7364741 2.7623532 0.7704146 3.7733715 0.9086198 2.2360641 2.4971054 0.9386110 1.8948730e-08 3.8322789e-08 0.3485025 5.2977678e-03 3.0586750e-02 0.6980267 1.7148542 0.8293246 1.2231333 2.9548659 0.6139226 0.7133578 2.8686081e-02 0.8421317 1.5866909 1.4345283 0 0 0
PPE_ENS_45 2.4318102 1.3619602 0.6897500 1.0708228 1.2383047 1.7694213 3.8068737 2.5683624 1.0140023 2.2869355 2.1761570 0.9152960 3.7035575e-08 6.4002759e-08 0.7629381 5.1862599e-04 1.9154250e-02 0.6079094 0.9528833 0.8669904 1.8651408 5.9698302 3.4731502 0.4542795 0.1966146 1.0054407 0.6934827 5.7561654 0 0 0
PPE_ENS_46 1.5027053 2.3779758 1.2000530 1.1683072 0.7846766 2.8724104 0.8677377 2.7150163 0.8758480 1.7690416 1.0352420 1.0541169 3.1566161e-08 1.6314176e-07 0.5098491 2.3943953e-03 2.2706229e-02 0.9842671 0.8650011 1.0458667 1.6143532 1.1875007 0.5050787 0.3898977 9.4012316e-02 0.7738018 1.6940474 1.4637533 0 0 0
PPE_ENS_47 0.6124725 2.2548082 0.9856142 1.1031617 1.0746626 1.0605431 3.6424370 1.2263200 0.8763138 1.6241125 1.2882406 0.9609763 4.1104841e-08 1.6652409e-07 0.3202664 1.1450557e-03 4.5799725e-02 1.1498841 1.7651588 0.9528070 1.5329555 4.2308259 2.6373451 0.4756066 0.2397997 1.1334099 0.6513132 5.3120066 0 0 0
PPE_ENS_48 1.4173613 3.3379107 0.7311946 1.5658431 0.7368099 0.7704647 3.3213666 2.0813422 0.8697676 1.7450584 2.2637472 1.0178167 2.7344176e-08 1.1855814e-07 0.2684703 2.1567056e-03 4.7384700e-03 0.6533388 1.0099028 0.9199236 0.3888147 3.3723700 2.5847033 0.4726113 0.1689379 0.9237506 1.0688085 4.9159507 0 0 0
PPE_ENS_49 2.6621965 1.3477223 0.9552704 1.2745776 1.2739620 1.1249892 3.3739009 3.5723238 0.8556446 2.7467907 1.9836773 1.0790221 3.1529691e-08 1.5145276e-07 0.6014682 4.0062399e-04 3.3945777e-02 1.8354471 1.7534580 1.0720389 2.5213284 1.8118863 2.8264647 0.7717860 4.5519016e-02 1.0796116 1.0374595 3.1257519 0 0 0
PPE_ENS_50 2.8423751 0.7230687 1.4439756 1.8431642 1.1318173 2.1392506 2.7806038 2.8317137 0.9677010 0.8768261 2.6799755 0.9136556 2.0216305e-08 1.2873946e-07 0.4431252 3.3168289e-03 4.7982122e-02 1.7230431 1.5629631 1.0405482 2.0117780 6.2507518 3.4907082 0.6203254 7.1054156e-02 0.9344004 0.7431343 2.0681506 0 0 0
PPE_ENS_51 0.4915438 1.0922259 1.6911760 1.6250834 0.7611173 1.5688782 0.4602681 2.4470199 0.9737677 2.4345764 2.3489247 0.9994865 2.6493519e-08 1.9855366e-07 0.8256859 2.7750891e-03 6.7803259e-04 0.6771850 1.2314711 0.7643180 1.3247943 2.5061869 2.7898921 0.7183640 0.1737676 1.2393634 1.6610743 8.0079860 0 0 0
PPE_ENS_52 2.2441338 2.0051181 1.2224063 1.4864776 0.8144248 3.1115972 3.0200869 1.8316442 0.8550393 1.8423663 1.3500492 0.9981301 4.3133604e-08 5.4340602e-08 0.5532468 2.7156209e-03 1.8417530e-02 0.6399614 1.2772761 0.9982052 1.1273173 4.9464194 2.6494200 0.4321980 0.2292246 1.1185091 0.8673338 2.3343601 0 0 0
PPE_ENS_53 0.5486250 0.5936979 1.6955794 0.8180046 1.0125899 2.8563778 0.6557778 0.2907648 0.9768386 2.1613389 1.5431807 0.9115617 1.5253216e-08 8.3933579e-08 0.5212865 2.2079723e-03 3.5621980e-02 1.9537611 0.5206828 1.0709459 1.1496143 0.9887145 1.6426164 0.4715553 0.1349834 1.1506974 1.3805436 3.8535590 0 0 0
PPE_ENS_54 1.0981885 1.6830009 1.5463457 1.1794683 0.8779510 2.1037676 1.1101571 2.8459010 1.0332428 2.6661089 2.4654198 1.0673080 1.9658755e-08 1.3838768e-07 0.3456817 5.2036965e-03 3.4380818e-02 0.7809378 0.8946287 1.1053912 0.7830827 7.6137893 3.5617856 0.5199292 5.5205804e-02 0.8702075 1.4453342 2.2430445 0 0 0
PPE_ENS_55 1.8454868 1.7767840 1.4698817 0.8229514 1.2873199 3.2363533 0.8962060 3.7758137 0.8575947 0.6631088 1.0578355 1.0486537 2.6294091e-08 1.3191205e-07 0.5781930 4.9541428e-03 2.9600903e-02 1.3860803 1.3197699 1.1374816 0.6215523 2.8424270 1.2528275 0.4076264 3.7762539e-02 1.1299783 1.4718109 5.6249638 0 0 0
PPE_ENS_56 1.4567992 2.4611083 0.9324464 0.8727817 1.8403375 2.3181619 3.8808239 1.4962081 0.9441009 1.9657058 0.4825340 1.0222101 2.2217611e-08 3.5818224e-08 0.7990381 3.0242727e-04 1.2734892e-02 0.7308793 1.3233922 0.9540249 0.5238766 0.4853650 3.3068762 0.6506718 0.1914475 1.1628005 1.0995265 5.4780778 0 0 0
PPE_ENS_57 1.2164357 1.8308595 0.9959713 0.6986758 0.7257774 2.5879440 1.6816763 2.8007943 0.8691398 0.6264274 0.2885751 1.0869231 3.3108759e-08 5.7197962e-08 0.5464335 5.0233137e-04 4.9934838e-02 1.5372109 1.1814010 0.8808407 0.7072641 2.2728152 3.8117683 0.7448484 0.2766110 0.8533403 0.9414573 3.3791087 0 0 0
PPE_ENS_58 1.9091625 0.3613831 0.8801162 1.0505308 1.6154241 1.1992138 3.4562776 1.1741747 0.9328650 0.9276608 0.4300416 0.9782022 1.9859582e-08 8.6024979e-08 0.7022902 1.7789983e-03 3.7826038e-03 1.1327920 1.3308938 1.1864291 1.0215807 0.1554968 1.4999990 0.4297395 3.0959255e-02 0.8135733 1.4760866 2.7637794 0 0 0
PPE_ENS_59 1.2717835 1.6434464 1.3487669 0.9507578 1.3417476 3.2779099 1.9837225 0.5207297 0.8804410 0.7514370 0.9985949 1.0494978 4.3977274e-08 4.6408522e-08 0.6250077 5.8214594e-03 3.7543494e-02 0.8032249 1.7899799 1.0951083 2.1488285 5.7919458 0.8281464 0.3779604 0.1485930 1.1699580 1.7813035 3.3338298 0 0 0
PPE_ENS_60 0.8304433 3.1671121 0.6123512 0.9808644 1.3321714 1.9731960 3.4726434 1.5172279 0.9436894 1.6307201 1.2214749 0.9617501 3.3508130e-08 4.7016477e-08 0.6993211 1.6277668e-03 2.3911744e-02 0.8467233 0.7142414 0.8564082 0.4958247 0.2995496 1.3186042 0.5434560 0.1794246 1.2153530 1.7290795 1.1729139 0 0 0
PPE_ENS_61 1.5994964 0.2861399 1.4336965 1.2476405 0.8600598 3.0703233 3.6016764 2.1661674 0.8636342 0.8377599 1.6807387 0.9120497 3.9418455e-08 5.8360055e-08 0.2625718 1.9195704e-03 8.1823035e-03 1.3043959 1.3881643 1.0035570 1.9107035 1.5556273 2.5170981 0.4188787 4.1383097e-02 0.9853829 0.8168882 3.7429935 0 0 0
PPE_ENS_62 0.5202333 0.6980100 1.2073443 1.0579084 1.7164030 2.1501291 2.9273268 2.7897576 1.0673597 0.3772694 0.8440247 0.9586915 2.1377176e-08 1.5708086e-07 0.5699306 3.2564469e-03 2.7109290e-02 1.9850462 1.3721676 0.9630578 2.0615609 1.3017595 1.0341795 0.3756796 4.8548511e-02 0.8031922 0.7742487 4.3335073 0 0 0
PPE_ENS_63 1.1239058 0.6202153 1.2435702 1.5564071 0.7700093 2.8397727 1.7990631 1.9199666 0.9863389 2.0949778 0.6368750 1.0073005 4.0115841e-08 1.6637016e-07 0.5303242 4.3769239e-04 9.5946148e-03 1.7512861 1.6661077 1.0042251 0.8965847 4.7338345 1.6281942 0.5978023 6.7205442e-02 1.1208973 1.0112884 2.7422745 0 0 0
PPE_ENS_64 2.9831519 0.7597332 1.5788885 1.0487389 1.1381368 2.0263730 2.2886586 2.1111574 0.9829434 2.3117903 2.3392504 0.9909019 2.8854650e-08 8.2529831e-08 0.4777498 1.5274463e-03 7.8425209e-03 1.1562878 1.8917716 1.0975148 1.0444680 1.6563261 1.8761195 0.6567269 0.1772602 0.9059680 1.5766538 1.3538125 0 0 0
PPE_ENS_65 1.2284286 2.1007469 0.8409643 0.8654660 1.4372731 1.5868326 1.9731882 3.2857244 0.9531833 0.5511117 0.3157795 0.9491760 4.2776015e-08 1.1991467e-07 0.7490679 1.0272573e-03 1.2101754e-02 1.0562472 1.3809508 1.1683948 2.3314178 2.0858236 1.5048182 0.7587808 0.1709371 1.0694169 0.7272063 2.2482368 0 0 0
PPE_ENS_66 2.1024062 2.7867047 0.8971240 1.7388082 1.3804862 2.5032431 2.3586558 3.2502678 0.9379873 0.8093607 2.2879511 0.9954909 2.4114307e-08 1.6941089e-07 0.4672024 6.3194846e-03 1.3902274e-02 1.9379661 1.0759070 0.8159845 0.8698640 7.4145847 2.4670235 0.5135570 0.1301672 0.9274145 1.1171905 1.6402938 0 0 0
PPE_ENS_67 2.7605360 2.3473347 1.2601519 0.6786498 1.3739477 1.4831240 3.3621985 2.9959932 0.9989638 1.3954030 0.5716993 1.0163425 3.5146008e-08 1.9474846e-07 0.6200350 1.0140169e-03 1.5510876e-02 1.3019803 1.4926185 0.7949482 0.7535056 2.0901095 0.7258479 0.6708772 0.1293350 0.8377658 1.0274710 7.1592726 0 0 0
PPE_ENS_68 2.6844369 1.4441552 0.7965689 1.6875198 1.6161416 3.4276874 1.5414148 1.3907325 1.0039717 0.5361572 1.7248424 1.0876367 4.2543016e-08 9.2687489e-08 0.4144224 2.7482014e-03 1.4555415e-02 0.5602886 1.6075026 0.8161844 1.1314236 6.4944491 3.0411314 0.3607715 0.1855080 1.0933553 1.0900552 3.0171817 0 0 0
PPE_ENS_69 1.4899811 0.5421409 0.8108518 1.7999346 1.2856966 3.8773801 0.4593570 2.7647683 1.0547741 0.2844198 0.3977977 0.9482393 3.0101676e-08 1.0086664e-07 0.5809666 1.0716821e-03 3.3047963e-02 1.8486532 1.6183262 1.2498196 1.4762010 5.2824053 2.8803139 0.3926442 0.1562726 0.8941160 1.8790895 0.2975584 0 0 0
PPE_ENS_70 1.0788112 0.8873636 1.1847172 0.6661153 0.8871286 3.7125207 3.2838873 3.7318062 0.8722114 0.4222898 0.3268815 1.0713591 3.2315511e-08 1.7735830e-07 0.4410677 2.3103721e-03 2.8151978e-03 1.0645867 0.6500557 0.8586090 1.8937606 2.0369490 1.1117201 0.4088273 6.4448161e-02 1.1233990 1.5507688 6.4463985 0 0 0
PPE_ENS_71 2.0651038 1.9640729 0.6170714 1.6630219 0.7350410 0.5521072 2.6772113 2.2122737 1.0191567 0.7128087 0.5359884 0.9298277 4.2857904e-08 6.9580913e-08 0.7363480 2.8620119e-04 7.4194975e-03 1.8739992 0.7568020 0.9363514 1.3574064 3.4592644 0.4664801 0.4392082 0.1120168 1.1041510 1.8711061 5.5576560 0 0 0
PPE_ENS_72 2.9276314 0.9765515 1.7462778 1.1821036 1.5119399 2.3705965 3.6790091 1.2018592 1.0584366 0.9086626 0.8167710 0.9413322 3.2411849e-08 6.3316787e-08 0.8350119 2.4597213e-03 7.2430334e-03 1.0224483 0.5834816 1.0889931 1.5462404 4.7987024 2.3052108 0.7206790 0.1633824 0.7748683 0.6181994 2.9829086 0 0 0
PPE_ENS_73 0.7759942 0.3706751 1.5612852 0.9885533 0.8595175 2.4477877 3.0039666 3.6612704 0.8511767 0.2459165 0.3739551 1.0921490 2.3615506e-08 4.3009369e-08 0.6093050 3.6027746e-03 3.6870338e-02 0.8305331 0.9953802 1.2080933 1.6971749 0.7094528 0.3496826 0.6790451 2.9939307e-02 1.0433278 1.3168648 0.1054582 0 0 0
PPE_ENS_74 0.9311777 2.9557519 0.7338850 1.1530343 1.0585619 2.6894833 3.5062712 1.3062113 1.0022640 0.6105258 1.7864181 1.0081829 1.6168404e-08 1.5114968e-07 0.7977604 6.0661243e-03 3.2209932e-02 0.9129611 1.4767657 1.0675311 0.6590405 5.6624124 1.0882840 0.5709326 0.1858177 1.0206984 1.1867719 0.6698105 0 0 0
PPE_ENS_75 1.3426129 1.2177291 0.7693974 0.7906298 0.8423627 2.7291166 2.7590746 3.4458181 0.9278436 0.5244939 1.8949389 1.0587514 1.6852325e-08 8.2007212e-08 0.3005919 2.8235874e-03 2.8104694e-02 0.5803362 1.9981696 0.8462678 0.6803211 4.3735780 2.2282699 0.6442477 4.4280376e-02 0.9712681 0.8426838 1.0701982 0 0 0
PPE_ENS_76 2.0228717 2.7468228 1.3055954 0.8546022 1.1201381 1.3967198 1.0263783 3.7034702 0.9613028 1.6604786 0.6861138 0.9399280 2.1685907e-08 7.0077597e-08 0.5329661 4.9452791e-03 1.9671639e-02 1.7348092 0.8400558 1.0318518 0.9741308 2.0579870 1.8380349 0.7698457 8.6023275e-02 1.0549574 1.1237390 8.0352373e-02 0 0 0
PPE_ENS_77 0.4881351 1.2946570 0.6302016 1.6032101 1.2731469 0.8864153 3.0680100 1.0017821 0.9320628 0.6452497 2.0010686 0.9675745 3.1710285e-08 1.4311473e-07 0.6534001 4.6331283e-03 2.6153718e-02 0.5668626 1.0276065 0.8054253 1.4555673 4.1754137 3.0309413 0.4984667 0.1988499 0.9895650 1.2400536 0.5469850 0 0 0
PPE_ENS_78 1.6541616 1.1313460 0.7983060 1.2287322 1.3025529 2.2405287 0.2869639 1.8478542 0.9238015 1.6772044 0.7484316 1.0904079 3.8963515e-08 1.1878468e-07 0.6377921 2.7889441e-03 3.1850107e-02 1.3331738 1.6333728 0.8872530 2.4353904 1.2409437 3.7813821 0.4678791 0.1701466 1.1725768 1.1608103 1.6650495 0 0 0
PPE_ENS_79 1.5307981 1.4940182 1.1300835 1.4509437 0.7546285 1.2124061 2.1179737 2.8609038 0.9933708 0.8675737 1.8012008 0.9529634 3.2572456e-08 1.4936095e-07 0.3100122 3.7353998e-03 3.8521842e-02 1.3998098 0.7715705 0.7624417 0.4492213 1.9169726 1.9408615 0.5591997 3.6685170e-02 1.1164450 0.9485542 1.8981780 0 0 0
PPE_ENS_80 1.9561556 1.7220819 1.6225121 1.0700248 1.1432182 1.7383929 1.0430630 1.7628041 1.0281085 1.2653297 1.3588806 1.0093562 3.6863091e-08 4.5511195e-08 0.4496694 3.2016602e-03 1.7397916e-02 1.8210783 0.5046147 0.8704471 1.1904128 0.7969633 0.4319701 0.3633242 9.1532006e-02 0.8178233 1.5003259 3.2337870 0 0 0
PPE_ENS_81 1.0330225 3.0852485 0.8560929 0.9422492 1.4891411 3.4452167 1.9418054 1.1167479 0.9370983 1.1902362 1.4201395 1.0835108 3.9248703e-08 1.0527127e-07 0.4875432 3.3533807e-03 2.5804249e-02 1.7633202 1.1350071 1.1972344 1.0618418 3.1387949 4.0224721 0.5222845 0.1087605 0.8266638 1.9370879 7.3814384 0 0 0
PPE_ENS_82 1.0541767 1.5562746 1.4063960 1.0254379 0.9902319 2.8803990 3.2431593 3.5170530 0.8613777 0.4509923 0.8917522 1.0189696 3.7548144e-08 3.9399539e-08 0.6064500 9.1215566e-04 2.8006757e-02 0.7758527 1.6790371 0.8226666 1.5569925 3.3414459 3.0925780 0.6760721 0.1233813 0.8062094 1.8153574 1.5487518 0 0 0
PPE_ENS_83 2.3539821 0.5090072 0.6758461 1.4340543 1.5750065 2.2074412 2.7876413 2.0469080 1.0463083 1.0167696 1.0295101 1.0065479 2.3168099e-08 3.0754706e-08 0.7250766 3.5629215e-03 3.0020842e-02 0.5429551 0.6299027 1.1020947 0.9582796 4.4729034 1.9640225 0.6624011 3.6414568e-02 1.1497819 1.4138860 5.3971461 0 0 0
PPE_ENS_84 2.1439644 2.6283078 1.3998094 0.6813175 1.5626010 2.3470275 2.2371824 0.7029497 1.0035975 1.1167272 2.1972147 1.0202592 3.3885336e-08 3.3850548e-08 0.8312102 2.8094916e-03 6.8129769e-03 0.9597290 1.5903663 1.0223658 2.2023099 3.7020319 0.5711215 0.6865256 5.3689916e-02 0.9743909 1.1922011 2.5126854 0 0 0
PPE_ENS_85 0.8798647 1.8524808 1.2149862 1.4701095 1.2489161 1.8978851 2.5733774 1.2844734 0.9899615 2.3567931 1.7168277 0.9880130 2.9212885e-08 2.7062915e-08 0.4920234 1.7551297e-03 1.5915763e-02 1.6393134 1.6237224 1.2107030 1.1009273 3.9340832 3.4123968 0.6289728 9.7063531e-02 0.7962597 0.6731006 6.2711917 0 0 0
PPE_ENS_86 2.5067169 2.5115397 1.3183704 0.8988265 1.7851278 3.9779502 1.7874800 3.0267536 0.9914862 1.2804492 2.6260754 0.9896725 4.0853853e-08 1.6143681e-07 0.5442366 4.2663880e-03 3.4126768e-02 1.7428771 1.9334683 0.7773137 1.7081586 2.0098339 0.7932580 0.3861908 0.1315373 1.0732144 0.9854833 0.9688406 0 0 0
PPE_ENS_87 2.5340490 1.7367861 1.4218048 1.4134836 1.3115028 2.4911240 2.9617663 1.6850636 0.9349032 1.0533905 1.7808861 0.9024511 2.9823420e-08 1.4494295e-07 0.8163813 3.0472073e-03 2.6911264e-02 1.2922800 1.5682840 0.8356670 1.2531974 0.1291813 3.1776699 0.3830915 0.1927954 0.9790028 1.8354727 0.9215506 0 0 0
PPE_ENS_88 2.0544806 0.4765057 1.5344025 0.7553633 1.6808375 2.4240069 0.7048434 2.6405998 0.9305230 0.7948103 1.9425584 0.9963429 3.2129591e-08 8.9249375e-08 0.7800303 1.3364018e-03 5.9246096e-03 1.9608530 1.1769941 1.1192545 2.2751545 4.3197044 2.7327200 0.4805838 5.8626102e-02 0.9616347 0.8640000 4.4858112 0 0 0
PPE_ENS_89 2.5692351 0.3851046 1.6571241 0.7266088 0.6079190 3.3068521 2.0906121 1.4520355 0.8489387 1.3034090 1.7559607 1.0803504 2.1724454e-08 7.7272772e-08 0.7510024 2.7062540e-03 2.8885310e-02 0.9771474 1.6438109 1.2366315 1.9947665 3.2934018 1.0091463 0.6977676 0.1835083 1.1555297 0.5912293 0.8201508 0 0 0
PPE_ENS_90 2.3043822 2.7287021 1.0108685 1.5328389 1.5671295 1.6348818 1.9456405 0.8212501 1.0607153 1.3927711 1.7043524 1.0393442 2.0900106e-08 1.0481233e-07 0.6706955 2.6246732e-03 4.4887238e-03 1.5398935 1.0431288 0.9015301 0.9960655 1.3822646 2.3580486 0.5110054 0.1615193 1.1677474 1.4314117 4.2769832 0 0 0
PPE_ENS_91 2.9893344 2.9201966 0.7107771 1.2539104 1.3971874 1.3416339 0.9406854 1.6559496 0.9201577 1.2118240 0.6718744 0.9709355 3.3321856e-08 4.2270435e-08 0.2883041 3.5606058e-04 9.3414766e-03 1.3913869 0.6921141 0.8323468 1.8185117 1.8813469 0.9026179 0.3004997 6.2414867e-02 0.9186634 1.7878793 2.7109882 0 0 0
PPE_ENS_92 1.1690591 0.4435019 1.4991339 1.6671937 1.3608979 1.3781523 0.3963883 2.6006283 1.0756850 0.8596105 0.6403467 0.9420829 1.6570733e-08 4.4385193e-08 0.4266567 2.0321065e-04 5.2896791e-03 1.1832681 0.7833683 1.0215145 1.9660802 4.6263907 0.3766409 0.3079050 8.7177142e-02 1.0824773 0.9875393 8.3442563 0 0 0
PPE_ENS_93 1.4289557 1.2914708 0.7160166 0.6551263 1.4206285 1.8142488 1.0806345 0.9223821 0.9461895 1.8114501 2.4231696 1.0252572 4.2247367e-08 1.7333224e-07 0.7215066 5.9144756e-04 3.1036848e-02 0.6609440 0.7518901 0.8063612 0.5636104 4.1516238 0.6355687 0.4584498 3.4628097e-02 1.1242721 1.0282206 4.0141786 0 0 0
PPE_ENS_94 1.3566735 1.1455180 0.8915655 0.7596789 1.7618118 2.4262953 1.7110416 3.1318283 1.0119942 0.8242112 0.5018708 0.9327234 3.9209145e-08 1.1138569e-07 0.4373518 3.4404709e-03 2.4088387e-02 1.5091478 0.6150153 1.1203944 0.4859607 0.8740542 2.9546905 0.7263207 0.1285145 0.9538121 1.1348510 6.6971940 0 0 0
PPE_ENS_95 2.4654444 0.8421359 0.9784341 1.3825103 1.1683118 1.6264481 3.6951548 0.6036494 1.0726438 2.0392123 1.0852502 1.0859027 2.1178861e-08 1.3100030e-07 0.6863778 1.7253228e-03 1.1279256e-02 0.6917131 1.5802181 0.8984788 1.2422005 3.1951719 2.0441744 0.5734513 0.2407818 0.9760404 1.2233844 3.0852854 0 0 0
PPE_ENS_96 2.5981568 1.2654070 1.0222595 1.5441188 1.3880971 3.9875146 2.4315159 1.9960660 1.0055891 1.8705996 0.2236408 0.9312135 4.4854427e-08 2.7802126e-08 0.8458630 3.1028366e-03 3.1429903e-02 1.4225795 0.9606982 1.1406553 1.5211105 0.1713742 0.9997707 0.6301212 0.1720254 1.0492379 0.7216870 2.2080680 0 0 0
PPE_ENS_97 2.7416966 0.4090510 0.8525536 1.7268452 1.0450005 3.8551266 2.4183709 3.8150285 0.9289855 1.6485488 0.2930042 0.9840107 2.1070937e-08 4.9305440e-08 0.7300443 8.6394197e-03 1.0980272e-02 1.9696512 0.7012438 1.1396799 2.0142440 0.4736536 4.4556033 0.3135504 8.6837089e-02 0.7568073 0.8929871 0.7701644 0 0 0
PPE_ENS_98 2.6901537 1.1274948 0.6019558 1.4657125 0.6327742 2.5319219 3.4197165 0.8826583 0.9833811 0.9944740 2.3087645 1.0729352 1.8179056e-08 1.0697141e-07 0.6835322 5.5136162e-03 6.3476983e-03 1.6301708 0.9343152 1.2189236 1.8867888 0.5558439 2.7492826 0.6933364 0.2102433 1.1827038 0.6269825 1.2131367 0 0 0
PPE_ENS_99 1.2570650 0.7053408 1.7311199 0.8915555 1.0245607 0.6949237 2.5197546 1.0970931 0.9640216 1.7297571 1.1920281 0.9091940 1.7347092e-08 1.2519113e-07 0.6138960 1.5399663e-03 1.0725010e-02 0.9980482 0.7263678 0.9925568 2.1175472 3.0934025 4.3187291 0.5279725 6.5854853e-02 1.0249753 1.9155260 0.5806985 0 0 0
PPE_ENS_100 1.3289044 1.6502639 1.6372141 1.7175226 0.6290781 1.5802734 3.0258995 3.3996780 1.0311148 1.5392900 2.1948848 1.0894702 3.9692944e-08 6.9073072e-08 0.7951892 2.9094868e-03 1.5786720e-02 1.6664731 1.7087066 0.8487349 1.5499185 1.8359947 1.2962503 0.6322027 0.2494323 0.7667473 1.4201718 0.6170211 0 0 0
PPE_ENS_101 2.4926582 1.5897405 0.7752315 0.7327986 0.8483078 2.9473772 1.1014224 2.2863527 1.0063932 0.3247053 1.4364151 1.0594555 3.8809040e-08 3.6064999e-08 0.4050276 6.0760441e-04 3.9493523e-03 1.8869134 1.6705918 1.0850975 0.7761542 3.9926849 0.4511489 0.6689598 4.2830160e-02 1.2458084 0.7135654 1.1915778 0 0 0
PPE_ENS_102 2.3825760 1.9492873 1.6008743 1.5208712 0.9978447 2.9201505 1.9021177 3.5621425 0.9699543 1.8974465 1.4947846 1.0916477 2.5800964e-08 2.8666073e-08 0.6365795 2.5208371e-03 5.4960073e-02 0.9915798 1.4784337 1.0771142 0.6712735 2.3980964 2.0843488 0.4309072 0.2141991 0.9155472 0.8886539 4.2568736 0 0 0
PPE_ENS_103 1.7963617 4.0284577 1.7843865 1.0056371 1.1241043 3.5629068 3.4979039 3.4707273 0.8732880 1.5027383 1.2339523 1.0449726 2.9366038e-08 2.5041933e-08 0.5410317 5.5380827e-03 1.4188957e-02 0.7526509 0.8055240 1.1151238 1.9242316 1.2640883 2.6759867 0.7555607 3.8849439e-02 0.7894858 1.4560658 2.5469824 0 0 0
PPE_ENS_104 0.9671443 2.6783203 0.7906292 1.0849549 1.1665473 3.8852523 2.0677692 1.3173737 1.0083092 2.1140718 1.8858828 1.0294324 2.6950013e-08 1.4162724e-07 0.7278807 3.3720748e-03 1.7728806e-02 1.4384338 1.5420109 1.1948425 1.0544237 5.6050963 1.6610939 0.3164918 8.9629679e-02 1.0718272 1.3465418 2.5784981 0 0 0
PPE_ENS_105 0.6884674 1.8990531 1.3381505 0.9172118 0.7280557 1.0577811 2.8605260 3.1740982 0.9312694 0.7089216 1.3715338 1.0767837 3.6198167e-08 2.0810368e-07 0.4075027 7.2940212e-04 8.0015815e-04 1.9886583 1.2192839 0.8111361 2.2044965 1.8541833 0.8097867 0.6102369 0.2122803 1.0107697 0.8788731 1.6126972 0 0 0
PPE_ENS_106 0.6372890 0.8582504 1.4604160 1.0929869 1.6606538 0.9547442 2.9132742 3.7453784 0.9937299 1.9952711 1.2130228 1.0850361 2.7848674e-08 1.2763745e-07 0.3281912 3.4059930e-04 2.4397342e-02 0.9963094 1.9578614 1.1538422 0.8660530 2.9395805 1.2744791 0.3843583 0.3051659 0.8302250 1.6137193 3.0543679 0 0 0
PPE_ENS_107 0.6263428 1.1954350 1.0074051 0.9974964 0.7413353 3.4919951 2.9850466 3.5328215 0.9522523 0.8360056 2.3666010 0.9445310 3.0613506e-08 7.3553833e-08 0.7292441 3.1942171e-04 1.5429903e-03 1.4250098 0.6028587 1.2380721 1.7545510 3.7938467 2.5254293 0.7347145 0.2033741 1.0512944 1.3832766 4.1028180 0 0 0
PPE_ENS_108 1.4862811 2.8930155 1.2365857 1.4558930 1.4256164 3.1170380 2.6222020 0.5617247 1.0436161 1.5936869 0.2496907 0.9216081 3.2752592e-08 1.8478116e-07 0.4004040 1.1084576e-03 3.5007716e-02 1.4741232 1.9350974 1.0793622 1.3034551 3.1183199 1.7984084 0.3468180 7.8806746e-02 1.0854026 0.7325986 2.8485458 0 0 0
PPE_ENS_109 0.2587193 0.6285790 0.8823754 1.3961685 0.6564317 1.6717653 1.2636094 1.1354818 1.0154470 2.4672141 1.0177532 0.9362648 3.9505757e-08 6.5837786e-08 0.6470217 1.2256502e-03 5.3353918e-02 1.2319130 0.6862991 0.9868911 2.0932210 3.4417798 0.8197844 0.4127383 0.2219034 1.0351792 1.8259568 1.6858399 0 0 0
PPE_ENS_110 2.9623950 1.0564715 0.7228246 0.7403063 0.7038744 0.2839460 2.9411847 3.3189141 0.8967312 0.7798006 1.8312699 1.0234924 1.5503392e-08 2.5968830e-08 0.6603600 1.1618927e-03 1.6462220e-02 0.7115242 1.9127170 0.8721808 1.7794764 1.3487621 1.5829021 0.4605654 9.5977908e-02 0.9984141 0.5281653 6.4844686 0 0 0
PPE_ENS_111 2.9372770 0.2514243 1.8227005 0.6036988 1.2012766 0.8133802 3.1676254 0.5122338 0.8626963 1.7087850 0.5663578 0.9559382 1.5733096e-08 1.2613752e-07 0.7594501 3.0131845e-03 4.2024854e-02 0.6719993 1.2886893 1.2337263 0.5343472 3.2593197 2.1885131 0.4234941 2.3891137e-02 0.8661093 1.1594067 2.3754644 0 0 0
PPE_ENS_112 2.3654898 1.3917815 0.8673290 0.8898093 0.6236759 3.6877698 3.0476721 0.8702760 1.0482719 2.4284604 2.4498478 1.0029185 2.5606559e-08 9.8838713e-08 0.3955646 4.0436264e-03 1.7943542e-02 1.1695183 0.8136232 0.8430209 0.8839887 3.2105525 0.5425531 0.3980422 0.1903807 1.0364894 0.6339520 5.8140595 0 0 0
PPE_ENS_113 0.7430110 1.5330649 1.1533367 1.9540048 1.2239711 0.4157186 1.3287784 3.2231394 0.8655337 1.8301211 2.1380600 0.9742363 2.0339120e-08 1.5759699e-07 0.8652160 1.7931916e-03 2.5109670e-03 1.8803928 1.9251064 0.9828983 2.2377262 2.6865927 1.4407721 0.3379312 0.1031637 1.1654149 1.9691709 3.7569424 0 0 0
PPE_ENS_114 2.8470394 1.3117774 1.1400031 1.6153973 0.6790119 0.6174334 1.3698525 0.5911718 0.9796873 2.3288961 0.3849348 0.9810499 2.9534995e-08 5.4022745e-08 0.7831221 1.6953727e-03 8.4027331e-03 1.7158809 1.5750652 0.9642777 1.6691853 0.9550098 1.3272619 0.6642684 0.2562803 1.0225667 1.9002871 3.0691968 0 0 0
PPE_ENS_115 0.9579256 2.2284865 1.2646556 1.3663881 1.4283834 0.7112997 3.9661948 2.7506355 0.8467578 1.0199662 2.1584755 1.0129027 2.3046041e-08 2.1817575e-07 0.7550659 3.8478248e-03 1.6587045e-02 0.7682568 0.6090304 0.8638897 1.5818260 5.1765163 1.4687222 0.5917136 0.2229766 0.7786631 1.3429369 7.6972898 0 0 0
PPE_ENS_116 2.9054136 0.2927115 1.1349368 1.1358659 0.9603918 2.6021715 3.3461353 1.3321109 1.0567617 2.0450557 1.3949471 0.9003897 3.0230167e-08 1.0766725e-07 0.7755635 2.9331616e-03 5.8260563e-03 1.1614143 1.3823407 1.2289850 0.8546678 4.5809728 1.9285044 0.4448527 7.3427263e-02 0.9017390 1.3232624 1.1231887 0 0 0
PPE_ENS_117 0.8714663 1.8804758 1.8110454 0.6402997 0.6992241 2.0181299 3.0928569 0.9658565 1.0105754 0.9466362 0.1832220 0.9074245 3.4131630e-08 7.5057538e-08 0.7434898 5.3770131e-03 2.2394508e-02 1.8076920 1.0655587 0.9146345 1.7217127 5.2141460 3.5524470 0.7798394 0.1270672 1.0178615 0.5543186 0.1971051 0 0 0
PPE_ENS_118 0.7272442 0.4517412 0.8748251 0.6575435 1.5129144 0.6498257 2.3455218 3.2468232 1.0790151 2.1909097 2.0165078 1.0654119 1.5660252e-08 1.6408161e-07 0.5295092 1.8610363e-03 2.4897488e-02 1.9315302 1.1904726 1.1712646 1.1102565 0.6131741 1.1731688 0.3652414 0.1954255 0.7840117 1.5277815 5.0282955 0 0 0
PPE_ENS_119 1.9414582 0.9234181 1.2408893 1.0993910 1.0924746 3.0238676 3.7938970 1.7382189 1.0369209 1.9132450 2.3949809 1.0686250 4.1943162e-08 4.1458385e-08 0.4727259 1.8871408e-03 8.3083978e-03 0.8073726 1.8333593 1.1926833 1.8721517 0.7007662 0.6550130 0.7903649 0.1588406 0.9866648 1.3379730 6.5962048 0 0 0
PPE_ENS_120 1.6925135 2.0606683 1.0578416 1.5261244 0.6365726 3.5055819 2.5019826 1.3519417 0.8793808 1.9586780 0.7668485 0.9720226 2.8385728e-08 3.1657722e-08 0.4504987 3.7220204e-03 1.4749210e-02 1.7817553 0.6444823 0.8306615 1.5898081 4.0322327 1.4544521 0.6174441 0.1186300 1.1119534 0.5149852 0.9570156 0 0 0
PPE_ENS_121 1.3759756 1.9307724 0.9517939 1.3456398 1.3226442 3.7667323 2.4627658 1.1808059 0.9420641 1.1815492 2.8088703 0.9510253 3.5401724e-08 1.8042781e-07 0.6798541 3.0755248e-03 4.8555303e-02 1.6705583 1.4051141 0.7669834 1.0829554 1.9295259 2.3353387 0.5092123 3.1116428e-02 0.8620842 1.7763504 0.2600266 0 0 0
PPE_ENS_122 0.6958679 1.6921786 0.6634113 0.6461139 1.4734341 2.5711317 2.4479234 2.0128139 0.9134352 1.8721408 1.4110235 0.9336514 3.6576690e-08 1.2205511e-07 0.4115332 5.7416304e-03 3.7332925e-02 1.8973431 1.7306125 0.7829408 1.6610102 2.2492292 3.3314918 0.3905440 6.6592742e-02 0.9249105 0.8525471 3.4379904 0 0 0
PPE_ENS_123 1.6076430 2.4035043 0.7000012 0.9578056 1.6954912 1.0981013 1.4355343 1.9586895 1.0494646 2.6157259 1.9636362 1.0882944 1.8423165e-08 7.1540153e-08 0.5493489 7.6037123e-04 4.0189513e-02 1.1075205 1.7393573 0.8944088 1.0070680 1.4271827 3.2617046 0.4963857 9.2646357e-02 1.0624055 0.5074849 2.8915233 0 0 0
PPE_ENS_124 2.4534674 0.7762527 1.5228758 1.8856358 1.2330673 2.2262791 3.9948770 2.0645929 1.0600053 0.6716996 1.6144472 0.9802450 1.9763177e-08 7.7801768e-08 0.6681984 3.2183614e-03 4.5203598e-02 1.5308650 1.8178002 0.8769334 2.1620848 3.7251114 2.7048883 0.4106333 0.2838444 1.1791172 1.3887116 2.1132673 0 0 0
PPE_ENS_125 2.0457600 2.2078197 1.3273661 1.7764149 1.1114880 1.7604561 1.5826608 2.3186309 1.0506669 2.1210751 1.9534387 0.9144800 4.4117790e-08 1.5949287e-07 0.8108026 4.8671638e-03 2.4714681e-02 1.0735492 0.5122622 0.7790342 1.1957735 2.8144415 4.3326312 0.7299612 0.1328315 0.7839719 1.9496880 1.4475946 0 0 0
PPE_ENS_126 1.6641332 2.0712583 1.0327033 1.5495088 1.4852989 0.9941486 1.0480341 3.0680419 0.8498193 1.4181557 2.2771161 1.0831668 1.8683643e-08 5.2505907e-08 0.6827234 4.1540805e-03 2.1979475e-02 1.0800558 0.9117327 0.9700455 2.4197053 2.6359549 2.5773070 0.5179441 0.2439945 0.8593776 0.5021207 1.0017821 0 0 0
PPE_ENS_127 0.3020783 2.0087487 1.4131038 0.7191784 0.9702565 2.2818683 0.4394736 0.8458087 1.0523272 0.3611429 1.1834687 0.9762913 3.9730556e-08 1.0181614e-07 0.5724228 4.5212399e-03 2.1011603e-02 0.8495944 1.8087764 1.1257030 1.4328324 1.7543310 2.1851735 0.3960489 9.8600014e-02 1.0397691 0.6986365 4.0525373 0 0 0
PPE_ENS_128 0.5317749 1.5116834 1.8057383 0.9700450 1.5531161 2.7739555 2.5383602 0.3005115 1.0019101 2.0703877 1.7320815 1.0468842 1.9414613e-08 1.3984932e-07 0.7387100 3.2334753e-03 2.2208567e-02 1.6164375 1.7931803 1.1349276 1.4358920 0.2450686 3.8937607 0.5872001 0.1572919 0.8875958 1.6814769 2.2843072 0 0 0
PPE_ENS_129 1.1413635 1.1134735 0.8196026 1.4574383 0.6734926 2.4698985 1.2807357 2.7794702 1.0004922 0.7234253 1.5087384 1.0665539 2.8265662e-08 4.7774139e-08 0.5689126 3.6757146e-04 1.7293529e-02 0.6941879 1.5551916 0.9167651 1.7111401 5.8832589 2.2684068 0.3141320 0.1371620 0.8922872 0.5732299 6.1661841 0 0 0
PPE_ENS_130 2.7091627 3.1240328 0.8870646 1.3409412 1.1062788 2.6324406 3.9813620 3.8440348 0.8847954 0.3082998 1.7509545 0.9350506 4.3564351e-08 1.8950379e-07 0.8301022 2.2813448e-03 1.8629250e-02 1.2800851 1.9203431 1.0061500 1.4960488 1.1323122 2.4577350 0.7829431 0.1882453 1.0027054 1.1397739 3.1996348 0 0 0
PPE_ENS_131 1.4048056 1.7154837 0.8713588 1.1545125 1.6283576 0.7589827 1.5673894 3.3582858 1.0289771 1.2717258 0.6624729 0.9238898 3.9841964e-08 1.7048070e-07 0.7865760 2.8774197e-03 1.2482519e-02 0.5010436 1.0176189 0.9561108 1.2942284 7.2171222 3.5186870 0.5459218 3.5442633e-02 0.7527845 1.9276439 4.9814247 0 0 0
PPE_ENS_132 1.2487358 2.4329966 0.9086105 0.8491879 1.1846594 0.8233055 0.5179488 1.7271282 0.9047024 1.2493574 0.8557895 1.0641898 3.7339905e-08 5.5101390e-08 0.5237010 2.8416807e-03 4.6821699e-02 1.7575705 1.0933662 1.0392215 0.4529014 5.0495140 3.7365838 0.5925658 0.2733395 1.1003887 0.7991505 4.5510797 0 0 0
PPE_ENS_133 0.6684897 3.0125950 1.5073897 0.8608199 0.7959314 3.1568072 2.8240489 3.4100175 0.9707669 1.3785874 1.5831037 1.0389619 2.7997969e-08 4.0040374e-08 0.4209162 5.6768916e-04 8.6876492e-03 1.8162875 1.0392190 1.0803840 1.1757506 0.7874947 0.7665185 0.5057791 8.0449941e-02 1.0667637 1.8115646 3.5323846 0 0 0
PPE_ENS_134 2.1125864 3.5779662 1.5879536 0.6711584 0.9858193 1.2673584 0.5965043 3.8846841 0.9006565 1.1570183 1.3455272 1.0004878 1.8976103e-08 1.4358183e-07 0.5615319 4.7676378e-03 2.0135406e-02 0.7370603 1.9604547 0.9764480 1.5645140 7.3061453 2.8057869 0.4877644 0.3017288 1.1854614 0.8302832 3.6761767 0 0 0
PPE_ENS_135 0.8565038 1.8585311 1.7810574 1.4057453 1.3526713 0.7971594 2.3124524 1.3882289 1.0068969 2.5191551 1.4784992 0.9892910 2.8185706e-08 1.5269077e-07 0.7157796 3.3853724e-03 4.2778503e-02 1.3498867 0.6570593 1.0007895 2.8473900 2.5580491 3.2794994 0.5062495 0.1224762 0.7925932 1.0489537 2.6763063 0 0 0
PPE_ENS_136 0.4438324 1.8720671 0.6940748 1.1432601 1.1503423 0.3710896 0.7758445 0.9880314 0.9957174 0.7694709 1.0671862 1.0463481 3.2794364e-08 1.1691908e-07 0.6545247 2.5638995e-03 3.9274431e-02 1.8381110 1.6828417 1.0480261 1.7452414 1.1223445 1.8655443 0.7939002 0.2131751 1.1147795 1.9977490 3.9037205 0 0 0
PPE_ENS_137 0.2794908 2.0242878 0.9878562 1.9057311 0.9238054 1.3264091 0.4952741 0.4865153 1.0250235 1.5670744 0.5087293 0.9470154 2.3809760e-08 1.5623305e-07 0.7236589 1.5927241e-03 3.1378446e-03 1.4121818 1.4480316 1.1497013 2.0456397 2.4799735 3.6205703 0.7647364 7.5106730e-02 0.8965971 1.5081292 1.1522858 0 0 0
PPE_ENS_138 0.8209563 2.5641134 1.4925231 1.2603489 1.0934231 0.9141006 1.2024886 0.4356237 0.9470052 0.9232804 1.3942725 0.9920318 1.6720532e-08 3.4380143e-08 0.6983249 1.3880642e-03 6.6619166e-02 1.6221124 1.6476791 0.8181986 1.8826217 1.0830363 2.8631571 0.3039333 0.2187550 0.9437562 0.5501147 3.7891505 0 0 0
PPE_ENS_139 1.8794282 0.3465158 1.3013787 1.2867287 0.8225587 3.6837123 1.7344787 0.9083542 0.8706656 2.5842181 0.9355508 0.9563417 3.8306730e-08 2.0604344e-07 0.5355520 4.2228478e-03 1.0557963e-02 1.5071914 0.5913672 1.2351340 0.5130280 3.5629284 0.3562076 0.4018610 0.1241468 0.9444069 1.7907788 4.5080682 0 0 0
PPE_ENS_140 0.7505572 2.1204546 0.6546309 0.7986133 1.3866473 2.6410839 2.7494339 2.3023503 0.8458542 0.1743738 0.6151770 1.0276152 3.8040520e-08 2.2392319e-07 0.4815099 1.5748631e-03 1.8857668e-02 0.5963646 0.5432278 0.9235791 1.8015357 0.8884263 0.9623278 0.6352863 0.1933190 0.9210027 1.8311073 4.5759431 0 0 0
PPE_ENS_141 1.4432217 1.1887983 1.6114570 1.1947400 1.3626249 3.8998882 3.2780849 0.8511493 0.9274279 1.3585420 2.0865101 1.0553363 2.2639093e-08 1.7990449e-07 0.5565350 1.6578799e-03 1.3798140e-02 1.2875830 0.7986286 1.1622767 1.8572540 2.1950483 0.5629297 0.7520338 9.7977706e-02 1.0089115 1.2161750 2.0345272 0 0 0
PPE_ENS_142 1.7640412 1.6210175 0.6416867 1.2162435 1.7245317 0.6048502 2.6511368 1.4900432 0.8882433 0.4024869 2.2974389 1.0122136 3.1301618e-08 3.4777176e-08 0.5552579 1.3544067e-03 1.6702226e-02 0.6091365 1.4070088 0.7929205 2.5499290 5.5118684 1.3522197 0.4958827 0.2018263 0.8830311 1.5631715 3.0100604 0 0 0
PPE_ENS_143 1.6689934 1.0115007 1.0939752 0.9938106 1.4761665 1.2542872 3.6120319 1.6322937 1.0163762 2.0209676 1.2965395 1.0697119 3.1433241e-08 2.1289054e-07 0.5764185 3.7668739e-03 2.2774142e-02 1.5494351 0.7608197 0.8131060 1.3398485 3.2356346 2.9102503 0.6260592 0.2054805 0.8579489 0.6846060 0.7895053 0 0 0
PPE_ENS_144 2.6684282 2.4510771 1.8652029 0.9757293 1.1852241 2.5527501 0.6701005 0.3612139 0.9785269 1.7872643 2.6100374 1.0564971 1.6234629e-08 1.0352282e-07 0.6922372 5.1346280e-03 7.0701504e-03 1.2475513 1.2008548 1.0832873 0.5822016 6.6229554 0.9910298 0.5568861 0.2006573 0.8193827 1.6512576 3.5950926 0 0 0
PPE_ENS_145 0.4292811 0.9068117 1.4848504 1.1206508 0.9936316 0.5905633 2.3200170 1.0703886 0.9476875 1.4966444 0.8043730 1.0964432 3.2180692e-08 5.3418416e-08 0.7081262 5.0451838e-03 1.1207022e-02 0.6276394 1.2959432 1.0180830 0.7404236 4.2643222 0.6838488 0.5413666 0.2545162 0.8470469 1.5418584 7.0170577 0 0 0
PPE_ENS_146 0.3866136 0.4975489 1.2574176 1.3356064 1.4098205 2.0040319 0.3843147 1.4172368 0.9395573 2.1992228 0.4575176 0.9694814 1.5192523e-08 1.8212206e-07 0.5168627 2.4038587e-03 1.1664107e-02 1.7932318 1.3412751 0.9444431 1.3704531 3.4839856 0.4049195 0.3295035 0.1171399 0.9692144 1.1725115 2.9497949 0 0 0
PPE_ENS_147 2.4196349 2.3828973 0.6365814 1.1991487 1.5340431 2.0601562 1.1722805 2.5081591 1.0261248 1.1352433 1.1113826 0.9022679 2.9046745e-08 2.0547967e-07 0.5908316 3.0267098e-03 9.9104144e-03 1.4309135 0.6763964 1.0745459 1.5295018 4.4576539 4.2179057 0.7335776 0.1053097 0.7693261 1.9198633 2.6148198 0 0 0
PPE_ENS_148 2.7842222 3.2206746 1.1145429 1.3037575 0.6696936 2.6727983 0.8944624 1.7875500 1.0396805 0.4662468 2.3169944 1.0310070 3.8611136e-08 2.9357885e-08 0.4551770 5.4536877e-03 1.0597206e-03 0.9434331 1.7812730 0.8511316 1.6795971 5.6968999 1.1008708 0.5017477 5.7447736e-02 0.8609769 1.0814816 1.0761728 0 0 0
PPE_ENS_149 1.0698062 0.7373808 1.0014809 1.3868779 0.8087106 0.5674336 0.8118465 1.5654258 1.0180128 0.3017791 1.6824012 0.9306341 2.5445632e-08 6.6112231e-08 0.7099854 1.3172758e-03 1.1939424e-02 1.8005419 1.0581639 1.0594172 1.8506048 1.5783151 1.6043557 0.7165175 0.2329549 1.0565295 0.9712399 1.9807343 0 0 0
PPE_ENS_150 1.5393351 2.0470962 0.9260206 1.3654260 1.0280954 0.5422787 2.1545470 2.0679999 0.9186207 2.6775213 1.4543399 1.0259768 3.7814806e-08 1.0389768e-07 0.8403822 1.2604176e-03 2.7469042e-04 0.5097475 0.7327681 0.9099340 2.1240901 6.0229203 2.6185755 0.4796399 0.1757065 0.9133002 0.5384225 1.7471940 0 0 0
PPE_ENS_151 0.6576672 1.0822252 1.2056363 1.1481627 1.1938197 1.8694012 3.5382627 3.5894043 0.8731272 2.0029660 1.5254783 1.0932314 4.1021825e-08 1.3764295e-07 0.6766181 1.7361645e-03 1.4818620e-02 1.2182570 1.7722493 0.9138452 0.9914022 0.3434422 2.4822449 0.7620454 0.1618344 1.1342135 0.9555595 2.0182606 0 0 0
PPE_ENS_152 1.8820806 4.2768784 0.6190083 1.4296131 1.0348522 3.7406592 0.5217434 1.7100028 0.9077906 1.8189856 2.2360419 0.9513404 3.9055050e-08 2.4144156e-07 0.4644406 2.6594580e-03 2.4679600e-03 1.8504249 1.4971573 0.7502890 2.1777139 4.8931078 3.2158353 0.5021110 8.3370634e-02 1.0063500 1.2841216 2.4402499 0 0 0
PPE_ENS_153 2.2330530 0.7270528 0.8341042 0.6882016 1.6368199 0.8974621 1.9967433 1.9014508 1.0769425 1.4289987 0.8757262 0.9745730 4.0642064e-08 1.6496276e-07 0.6445671 4.7637186e-04 2.3044593e-02 0.8153660 1.5209580 1.0127539 1.3079128 1.6874872 3.1287283 0.6063057 7.7705343e-02 0.9171295 1.8676158 3.7181761 0 0 0
PPE_ENS_154 0.5806768 0.6354349 0.9174723 0.7683785 0.9093099 3.1845813 0.5672540 1.6244435 0.8525128 2.0855500 1.0163240 1.0110022 4.0250624e-08 9.7891745e-08 0.3138823 2.2597151e-03 6.0926055e-02 0.6148025 1.4448444 1.2417963 1.9260273 0.5720360 1.7592317 0.3263057 0.3172345 0.8688535 1.6238928 1.8231723 0 0 0
PPE_ENS_155 0.4595680 0.6052691 1.0918330 0.9030043 0.8019062 1.4470522 2.4094854 1.5729213 0.9809563 0.3655713 1.2518571 0.9105633 2.2858158e-08 5.9866828e-08 0.7882930 1.0523014e-03 2.9995127e-03 1.6064164 0.5964445 0.7618988 0.5222167 4.3033228 1.6133366 0.6386008 0.2077466 0.9597404 0.7373535 2.6338233 0 0 0
PPE_ENS_156 1.8666281 1.7651148 1.7534633 1.4278286 1.1005055 1.6980871 2.9660935 2.4602989 0.9149364 1.6842602 1.5485779 1.0758591 2.5402196e-08 8.0325891e-08 0.3405187 3.8011078e-03 4.7165975e-02 1.3786658 0.6394545 0.9462397 1.8441896 2.7611966 3.6440860 0.6919326 5.2125538e-02 1.0743912 0.7073948 3.9298966 0 0 0
PPE_ENS_157 2.4407238 2.1699356 1.3792657 1.2591082 0.9341723 1.1923781 3.8507701 2.3606812 1.0678539 1.2912784 0.6117152 0.9638014 2.4673425e-08 4.1168632e-08 0.8570506 2.4790678e-03 4.0988553e-03 1.5607717 1.0804067 0.8411089 0.9283374 4.9243227 1.3944797 0.6859305 0.2682104 1.2276747 1.6314831 5.2724537 0 0 0
PPE_ENS_158 2.1539824 1.5215750 1.4512447 0.8040024 0.7791756 0.7835066 1.4766548 1.8815433 0.9180466 2.8091479 1.9755478 0.9013897 4.3025404e-08 3.0883544e-08 0.5605054 2.3462051e-03 7.9308576e-02 0.9198919 1.9859773 1.1758293 1.5018878 1.2823619 1.2291882 0.5542378 2.1714300e-02 0.8329942 0.5614925 3.1741338 0 0 0
PPE_ENS_159 1.9237158 0.6672812 0.7555325 1.4025108 0.6496590 1.3579369 2.8028978 3.9187312 1.0378290 1.0860989 1.0906414 0.9037633 3.4549570e-08 1.0857520e-07 0.4167157 2.1004905e-03 7.5558847e-03 1.2206555 0.8892586 0.9978174 0.4748763 1.6326875 1.3068684 0.4264137 0.1690865 1.0180188 1.9896913 1.2896047 0 0 0
PPE_ENS_160 1.7680641 3.0606247 0.9621299 0.8793298 1.6548664 1.1405775 3.9145554 0.6844413 0.9596230 2.1729823 2.0766825 1.0503937 1.9978650e-08 1.8297344e-07 0.5368205 2.1804770e-03 2.6416609e-02 1.9793375 0.9671003 0.9029619 1.2907004 2.2990444 1.4865781 0.6474668 7.9288689e-02 1.1601793 1.2959664 2.3258540 0 0 0
PPE_ENS_161 2.8276444 0.8087329 0.7810675 1.6932141 1.9878456 1.8369633 2.6991089 2.4932992 0.9406987 2.0727139 0.7137280 0.9859101 4.1815347e-08 1.5468815e-07 0.4798226 2.9597185e-03 3.0825652e-02 0.8794281 0.8467532 0.8901620 1.7320001 4.6885984 3.1024643 0.3206645 0.2707223 1.1915518 1.1782788 6.3891124 0 0 0
PPE_ENS_162 1.1844520 1.5943498 1.1425868 1.2850155 1.5971851 3.0609538 2.5905189 2.3865502 0.9265594 1.5838298 1.9459293 1.0607901 3.8695839e-08 9.5373966e-08 0.6945682 3.1919291e-03 8.7433372e-03 1.7691681 0.8770958 1.1472996 2.0040663 2.5321141 0.9167868 0.7671632 0.1470749 0.8910091 1.6034313 5.1960316 0 0 0
PPE_ENS_163 0.5848045 3.9905017 1.3783225 1.2087157 1.2161090 1.8043558 1.4082855 1.9648040 1.0454363 2.5033344 0.3964061 1.0611288 2.9759790e-08 1.4247039e-07 0.8054037 4.4375986e-03 1.0172152e-02 0.9474309 1.9708352 0.9044474 1.8243410 1.5401555 0.6201087 0.5776127 0.1139876 1.1995995 1.1678548 2.2935987 0 0 0
PPE_ENS_164 2.5248121 2.2728237 1.1086524 1.0043336 1.4613148 3.4047235 3.7668561 0.5748910 0.9107142 2.2737909 1.8101214 0.9376653 3.0779040e-08 1.4843682e-07 0.6641893 1.3798423e-03 2.5363005e-02 1.6627215 1.0036009 1.1445202 1.9012057 7.9871551 2.2939059 0.3595857 0.1018048 0.8985741 0.8365254 0.9368503 0 0 0
PPE_ENS_165 2.8556776 1.4531946 1.4711735 1.2310164 1.1623471 1.0262708 1.9170387 3.1473449 0.8961073 1.0624097 2.4315321 0.9168743 3.6039598e-08 2.1968268e-07 0.6631985 6.9412669e-03 7.1467809e-02 1.0909620 1.5188638 1.1840970 1.1425772 0.8456182 1.0720914 0.7998824 4.3869348e-02 1.2414697 1.4657433 2.4140577 0 0 0
PPE_ENS_166 0.6151339 1.4273249 1.4148660 1.3333268 1.5763767 0.7315324 1.5957223 1.6985202 0.8835325 2.1771729 0.5772983 0.9594326 4.0052623e-08 7.4182734e-08 0.8531578 9.5696561e-04 2.3817824e-02 1.1737377 0.5087224 1.2442828 0.3968319 1.7073101 1.9120215 0.7049219 5.2901407e-02 1.1084388 1.6579465 3.8754728 0 0 0
PPE_ENS_167 1.3155633 0.6910272 1.0483315 0.7457781 1.5891938 2.4796759 1.8472308 2.5162656 0.8903358 0.3270285 0.8465271 0.9820474 4.3914747e-08 8.1364835e-08 0.8008982 1.4965642e-03 1.3244719e-03 1.9026924 1.9798624 0.9723907 1.7714623 6.1700100 3.1450395 0.6662291 0.2596173 1.0889993 1.8898473 4.8701364 0 0 0
PPE_ENS_168 2.7528129 1.2582820 1.4540350 1.6325566 0.6019368 2.7970036 3.2248226 2.2632597 0.9168988 0.9786323 0.6840369 1.0847995 1.6944278e-08 1.0024749e-07 0.4891670 4.2848585e-03 4.3964798e-03 1.2122348 0.7381167 1.0870217 0.6848540 6.5369464 3.9291815 0.6835545 7.6801913e-02 1.0278767 1.0091423 3.3078375 0 0 0
PPE_ENS_169 1.2955291 1.6109517 1.3322045 1.3504289 0.7865071 0.6609119 1.4041559 1.4680011 0.9657541 1.4590225 2.5197136 0.9253952 1.9219610e-08 7.3067953e-08 0.3788159 1.8296222e-03 2.5686788e-02 1.5746974 1.9092503 1.2129280 1.7385810 5.1291556 0.9718654 0.7516571 0.2242683 0.8234078 1.2691017 2.5245233 0 0 0
PPE_ENS_170 2.9692632 1.3825867 1.0766461 0.8732772 1.2806881 2.3518852 1.4869903 2.0305585 0.9359114 2.2606108 0.5891209 0.9943463 3.7272680e-08 1.1773247e-07 0.6405291 9.3512325e-04 1.4051764e-03 1.4604441 1.0552715 0.8219306 2.3066087 6.3749314 1.1688551 0.6375189 0.1116771 1.1380706 1.3653855 0.7318859 0 0 0
PPE_ENS_171 2.8726495 2.3555494 1.1559486 1.2710743 1.5181465 2.5260947 1.1941989 3.0123062 0.9715354 0.4304387 1.5142533 0.9663910 1.5087599e-08 6.3693817e-08 0.5384318 4.3383914e-03 1.4116574e-02 1.7386529 1.8215439 1.2217183 0.6133809 3.9536518 4.0947610 0.7376141 0.1197639 0.9979415 1.0213989 1.1151042 0 0 0
PPE_ENS_172 1.3015605 2.2317771 1.0733067 1.3559011 0.7651448 3.4712571 3.9298404 3.3817638 0.9859011 1.5327997 1.9309897 0.9912583 4.1249521e-08 2.6478358e-08 0.7404310 9.0033508e-04 1.2608868e-02 1.2431724 1.5562111 0.8692786 0.6297637 1.4675932 2.0023835 0.7142972 0.1081124 1.0325016 1.9723005 0.2198676 0 0 0
PPE_ENS_173 1.2799499 2.2590377 0.6318335 0.7867833 1.2597406 0.9733660 0.3156235 0.4189055 1.0581304 2.2421272 1.6360788 0.9405746 1.7666131e-08 4.7293463e-08 0.5425829 1.4016377e-03 1.2994746e-02 0.6256491 0.6255659 0.7751815 0.9859084 1.2303486 4.7762093 0.3788845 0.2606371 1.1566349 1.2864085 2.5869813 0 0 0
PPE_ENS_174 1.1573742 0.9989386 1.8437717 1.0791327 0.9478373 3.3363446 2.3668141 2.8257630 1.0616472 2.3873964 2.5486479 1.0016592 3.6682273e-08 1.7244943e-07 0.6301335 4.0010472e-03 4.1706515e-02 1.6497793 1.4262562 1.1010011 1.2631857 5.4279997 4.6660097 0.4776399 0.1827263 1.2002038 1.1985797 4.8307318 0 0 0
PPE_ENS_175 2.6211257 3.5176314 1.2807371 0.8284792 1.2642051 2.2584230 3.8308546 3.4258615 0.8991902 0.7397784 1.8989057 0.9728264 1.8019206e-08 1.3328069e-07 0.6116803 3.8167313e-03 1.2271577e-02 1.0101867 1.6367411 1.1305894 2.1024469 7.0098540 1.5642745 0.7609404 3.3010016e-02 0.7815182 0.9324884 3.5867157 0 0 0
PPE_ENS_176 1.9802399 1.2234392 0.9975063 1.3766829 0.7128056 1.6874228 1.8245791 3.1045858 0.9054722 1.1495115 1.5565092 0.9525633 2.9425910e-08 1.8591544e-07 0.7770449 2.3738505e-03 2.1611691e-02 1.0062740 0.9076597 0.8023357 2.0481437 3.7401704 1.2143120 0.4497364 0.1256697 0.9082420 1.7066649 3.5179392 0 0 0
PPE_ENS_177 1.5655717 3.3785252 0.7769322 1.3718123 1.6844600 3.0375144 2.2138661 2.9433934 1.0315714 1.7118360 2.2150424 1.0198207 2.2329965e-08 1.2307416e-07 0.8516095 1.2510783e-03 5.7189000e-02 0.8269954 1.0842240 0.8600681 0.7964483 2.8964399 0.6862042 0.4858494 0.1662760 1.2233554 1.2508640 0.6460734 0 0 0
PPE_ENS_178 1.1096800 2.1782214 0.9402010 1.5807408 1.3148047 3.0092918 1.1494727 2.1023682 1.0720371 0.5845409 2.0335625 0.9433233 2.2139128e-08 2.3342355e-07 0.5877819 5.1046719e-03 2.1523853e-02 1.1158949 1.4213272 1.1073603 2.5948554 4.9992249 2.1236658 0.5324953 0.1152861 0.7546301 1.3546047 1.9683552 0 0 0
PPE_ENS_179 1.5761758 0.8225184 1.4296827 1.0160426 1.6069740 2.1572097 0.6947339 2.6646101 0.8532564 1.9247259 1.1643860 1.0406076 1.6349673e-08 1.7371601e-07 0.5114276 2.9667859e-03 3.4837572e-02 1.8609782 1.9507552 1.0277760 1.6575183 3.7796163 1.4306256 0.7772943 0.2386906 1.0619529 1.6911774 2.9420872 0 0 0
PPE_ENS_180 1.4761536 2.4929663 1.3872997 1.5009954 1.4039678 3.8186421 1.4260182 2.6835754 0.9256800 1.4563664 1.2609369 0.9084725 2.7476669e-08 1.1944109e-07 0.4218701 2.3247990e-03 2.1734768e-02 1.3442674 0.7045827 0.7996482 0.5512644 2.9147908 2.2388095 0.3106722 0.1027779 0.9038606 0.9766484 3.9615276 0 0 0
PPE_ENS_181 2.0310884 1.9226959 0.9702244 1.3168604 1.5398836 3.7292446 0.8601709 1.2448459 0.9974595 0.3869247 1.3244862 1.0326776 2.8541614e-08 2.0277089e-07 0.3809254 3.5388491e-03 6.5646930e-03 1.3265865 1.6542853 1.0640500 0.4651860 6.9332525 2.5431024 0.7257542 0.1530751 1.2477917 1.9312913 3.4619942 0 0 0
PPE_ENS_182 0.5374367 1.0454662 1.5578048 0.7114706 0.9029050 1.9531321 2.2973249 3.9089223 0.9541986 0.5593494 0.7091738 1.0974010 4.4489100e-08 5.2279794e-08 0.7556984 5.9665317e-03 1.5184507e-02 1.9417711 1.9012855 1.0930078 0.6959117 2.8225339 1.4223534 0.5396669 0.1942962 1.1862576 1.6753927 2.1543978 0 0 0
PPE_ENS_183 0.8120715 1.3149766 1.7185632 0.7084102 0.8941632 2.8173937 1.4993907 2.1423743 0.8809118 1.9822465 0.4366046 0.9641889 3.0573203e-08 9.1488291e-08 0.6284630 3.2764966e-03 1.9351075e-02 1.3713442 0.8567156 0.9501856 1.3209963 4.7759450 0.5989393 0.7742459 0.1358794 1.1937203 1.0525672 0.8432911 0 0 0
PPE_ENS_184 1.1326696 0.8622474 0.8206938 0.8450057 1.3455796 1.4956684 2.1015296 2.4826689 0.8981801 1.5494009 1.1279105 0.9262593 3.7739305e-08 1.7502873e-07 0.8489249 4.1196509e-03 3.8280599e-02 1.1260972 1.4850798 0.7535769 2.1908345 1.0572402 2.1545243 0.5291048 0.1180331 0.8755805 1.3706756 0.1266114 0 0 0
PPE_ENS_185 0.4795267 1.8362445 1.3115786 1.6573467 1.3380768 2.9007792 1.1337409 0.9339218 0.9877633 1.8803636 1.5349058 0.9786995 1.8500498e-08 8.8421658e-08 0.6255843 2.5297377e-03 9.0187729e-03 1.3664401 1.3044231 0.9315776 1.3374792 3.4093498 0.4551417 0.5899374 0.1003407 1.2135857 1.8828896 6.9359057 0 0 0
PPE_ENS_186 0.3403019 3.1330722 1.1779722 1.3587711 0.9688798 2.3222724 3.5706499 3.7978051 0.9414878 0.9388930 0.4436860 0.9849219 3.5382784e-08 1.9306324e-07 0.2914461 8.1290052e-04 4.2572678e-02 0.9247813 1.8566673 0.8267092 2.2723636 2.2950047 2.3885584 0.4178865 0.1813761 1.1435294 1.8475732 1.2782240 0 0 0
PPE_ENS_187 2.4174564 2.6006291 1.1743950 1.5074806 0.8971834 0.3355063 3.9034321 1.9443723 1.0530632 2.4566785 0.3454298 1.0156937 3.3477376e-08 1.5333882e-07 0.5185875 8.8628253e-04 5.8671500e-02 1.4847100 1.8694210 0.7573210 2.0762769 3.6562860 0.9344768 0.3421661 0.1107882 0.7639875 1.7649292 2.1319643 0 0 0
PPE_ENS_188 0.3266942 3.4724020 0.7069709 1.1249336 1.0154616 0.8441611 0.6155525 2.2396084 1.0146965 2.2208434 1.2829248 1.0780698 1.7466710e-08 1.4756800e-07 0.7333600 3.6789435e-03 2.9293782e-02 0.7997387 1.0120089 1.1640286 2.6539214 3.5248750 1.5302595 0.5250366 0.1781937 1.1954330 1.4377236 5.4498285 0 0 0
PPE_ENS_189 2.7070820 1.4731952 1.1707311 1.1154730 1.1352293 1.9356702 1.6210243 1.2606436 0.9161973 1.7757054 1.9119675 1.0949858 4.0695463e-08 1.4672668e-07 0.8073902 1.1925021e-03 3.6608348e-02 1.0435991 1.0471316 1.2020032 1.0319276 4.0733231 0.8705212 0.5780168 0.1392112 0.9546326 0.5478637 1.6061104 0 0 0
PPE_ENS_190 1.2392137 1.4615979 0.6478700 0.9261909 1.4963472 3.8349762 3.3885937 3.9450842 0.8951068 1.1065367 0.7892257 1.0337457 3.0998068e-08 8.4470833e-08 0.4464877 3.9848914e-03 1.9750653e-02 1.7854924 1.8844465 1.0368697 2.1397662 0.6383396 3.3493437 0.7319703 8.4985279e-02 1.2332647 0.9105025 0.7124502 0 0 0
PPE_ENS_191 0.6759648 1.7460842 0.8300913 1.0356851 1.0023183 0.7245135 2.2682460 1.8090089 0.9561140 1.2591789 1.3170851 1.0525914 3.6826057e-08 7.1079894e-08 0.3642525 3.4846006e-03 6.1872801e-02 0.6360019 1.4708782 0.8846457 0.6396813 2.7275473 0.7485095 0.4508119 2.5793389e-02 0.8288701 1.7355606 0.8003993 0 0 0
PPE_ENS_192 1.9673792 1.2067358 1.3597846 0.9869206 1.1983524 0.2711543 3.1172628 1.0475706 1.0236246 2.0095827 2.0320166 1.0903007 4.2120373e-08 8.7833141e-08 0.6960951 3.3077796e-03 5.0861111e-02 0.8772260 0.9685197 1.0240180 1.6401743 1.1965274 2.2534875 0.3416272 0.1060060 1.2053056 0.7629738 3.8086359 0 0 0
PPE_ENS_193 0.2986863 2.0322942 1.9303169 1.0274330 1.2081147 1.7287247 1.4523644 0.4513506 0.9627061 1.9032350 0.9544976 1.0708310 2.2038304e-08 9.2535233e-08 0.4293068 3.1200949e-03 1.0009089e-02 0.5741481 1.1281746 1.1325704 1.0948252 4.1197617 1.6992052 0.3352147 5.6073986e-02 1.2247205 1.4066110 3.2986330 0 0 0
PPE_ENS_194 1.7341187 2.8806465 0.7436287 0.9610755 1.4686626 1.3730285 1.8897797 3.3491356 0.8645686 1.2056571 2.7575781 0.9931116 4.2024199e-08 1.0253591e-07 0.7340650 9.8310947e-04 3.5232543e-03 0.5243630 1.6593572 1.2464188 1.2076657 1.4152589 1.1989500 0.5689203 0.1605613 0.9481105 1.2477617 6.8448816 0 0 0
PPE_ENS_195 0.9450724 0.4253029 0.6717602 1.2801754 0.7149016 3.4370592 1.6643087 0.7186658 1.0124901 2.2162814 0.4617737 1.0689955 1.5442283e-08 1.0637896e-07 0.7934331 4.2442002e-04 2.0669105e-02 1.0948299 1.1064609 1.0526604 1.5125522 8.6265695 1.0439643 0.6552438 0.2168353 1.0474443 1.0756585 1.9146763 0 0 0
PPE_ENS_196 2.5531728 1.8108645 0.9475341 1.1645990 1.5839142 0.2609424 1.0112455 2.9080410 1.0743348 1.9434912 0.9256131 0.9577752 2.5715000e-08 1.1190477e-07 0.5080827 4.1843499e-03 5.2911727e-02 1.3178668 1.8000075 1.1080223 1.8096317 1.9689172 2.4936587 0.6027387 0.2256650 1.1078689 1.2113375 1.9426256 0 0 0
PPE_ENS_197 1.2061256 0.5612852 0.9747607 0.6866154 0.9768568 0.8704458 3.3072548 3.2995441 1.0667829 0.5986132 0.8361358 1.0382965 2.8741692e-08 1.1657944e-07 0.8198034 1.9635569e-03 2.3218998e-02 1.9972872 1.7258369 0.9615442 1.7835183 5.5640990 0.3230213 0.5374126 3.2529268e-02 0.8083403 1.4501059 0.3511658 0 0 0
PPE_ENS_198 1.0045497 0.5361796 1.5680738 0.7187069 1.0676292 3.3883899 0.6431262 0.3305618 0.8779451 0.8834825 0.7810720 1.0137608 3.8167477e-08 6.2048234e-08 0.6050321 4.3539285e-03 1.5622267e-02 0.9715101 0.8337745 0.9270043 2.1085634 5.0758088 1.3741454 0.6098866 0.2368199 0.7904089 1.8617116 3.6296701 0 0 0
PPE_ENS_199 2.8915661 0.8355476 1.2478837 0.9053530 1.5062685 3.6637341 0.4806331 0.8102525 0.8470952 0.8968790 1.7446682 0.9277236 1.7267977e-08 2.0131289e-07 0.4341917 3.6219926e-03 2.1057313e-02 0.7879121 1.2681576 0.7890115 1.4042140 1.9532648 0.8523317 0.6143783 0.1995142 0.9407876 1.5461251 6.7873725e-02 0 0 0
PPE_ENS_200 2.0135452 1.0168961 0.9607213 1.3185193 1.0820653 1.4147681 0.4291948 0.2715403 0.8936873 1.3236891 0.2700204 1.0043758 2.7232447e-08 1.7598888e-07 0.4700698 1.4858307e-03 4.9523090e-03 0.5529092 1.9881304 0.8250433 0.5621198 6.0697972 1.7734383 0.7117836 0.1443344 0.8657112 0.7547814 4.1812875 0 0 0
PPE_ENS_201 1.7896928 1.0684076 1.1035076 1.6459535 1.2454563 3.7563163 0.9297900 2.4357173 1.0647312 1.1786399 2.1715010 1.0354856 3.3718501e-08 5.1162598e-08 0.6590222 7.6923757e-03 2.7457879e-02 1.9154756 1.5269505 0.9335015 0.8156203 0.9029286 4.2086799 0.3237219 4.0462972e-02 0.9938799 0.6888253 0.4871751 0 0 0
PPE_ENS_202 0.4201794 1.9346983 1.1592552 1.4719909 1.9071865 2.9660725 3.5528635 2.3228087 0.8824809 2.1440188 1.2244193 1.0214863 2.2946296e-08 1.1590293e-07 0.4983941 2.9938891e-03 1.5405615e-02 1.1459745 0.5488748 0.9894008 2.2462991 3.3019533 2.8512434 0.7969547 0.1512919 1.0310174 0.7892964 7.2896450 0 0 0
PPE_ENS_203 2.2940767 1.5428352 1.0514962 1.0335019 1.2060654 1.0759301 3.4052926 3.9567982 1.0340841 0.9893044 1.5872840 0.9753124 4.2634996e-08 6.6642473e-08 0.8416756 8.0054441e-04 4.6537833e-03 1.1054650 0.5841173 1.2437571 1.4440358 2.5829033 1.2666431 0.7497414 0.2859659 1.2108732 1.2633369 1.8175353 0 0 0
PPE_ENS_204 1.6859370 1.7974971 1.0979672 1.3299830 0.8178704 3.4796015 1.5174319 1.5492523 1.0203176 2.1015300 0.8846843 1.0634269 3.8461606e-08 1.3139703e-07 0.6513422 6.6422613e-03 2.1212590e-02 1.6554923 0.9766175 1.0358702 0.4232954 3.0993429 1.7268661 0.4257854 0.1408511 1.1269938 1.5946085 5.2396788 0 0 0
PPE_ENS_205 0.2472619 2.6959417 1.6623931 1.6378230 0.6844149 1.5151385 2.2477398 0.6692882 0.9139310 2.4156121 2.1461293 1.0440229 4.1727516e-08 5.7775542e-08 0.8367230 6.7567076e-03 3.6147482e-02 1.9509965 0.8273299 1.2164086 1.7930262 6.8173570 1.1368749 0.5826345 0.2175772 0.7517571 1.1293032 4.4230920 0 0 0
PPE_ENS_206 0.9944471 0.7506182 1.2249299 0.9435420 1.1051943 3.1742832 1.3100748 1.5955001 0.9227163 1.6035416 1.0473769 0.9334715 3.4323804e-08 1.6804727e-07 0.8036974 3.9668979e-03 9.7800607e-03 0.6449916 1.2423312 0.7859725 0.4048349 2.5147779 0.3123490 0.5817466 9.0539664e-02 0.8763313 1.8405824 6.0311681 0 0 0
PPE_ENS_207 0.2438802 3.8388683 1.0838613 1.2243351 0.9411653 2.4022075 0.4009149 0.7333616 0.9883405 1.0457276 2.1245797 0.9285312 3.4030476e-08 1.4606430e-07 0.2801866 1.4571516e-03 1.8670851e-03 1.4524377 0.6715619 1.1895048 0.8495930 8.2498592 1.6944454 0.6898565 0.1304212 0.8841780 0.8243044 1.4143896 0 0 0
PPE_ENS_208 1.9355544 0.6620665 0.6871147 1.0545265 1.3077023 2.1193761 3.8703475 0.7857022 0.9814483 0.6376169 1.0063257 1.0473466 2.5046092e-08 1.4482254e-07 0.8271935 6.7927926e-04 2.0528455e-02 0.8604370 0.9435528 1.1787922 0.3465803 2.6682865 1.7155414 0.5846297 4.7174063e-02 0.7657116 1.8508151 1.7283087 0 0 0
PPE_ENS_209 0.7976356 0.9838124 0.9022247 1.8271321 1.0573110 1.4530000 0.3336719 2.9844835 0.8918847 1.8015260 0.3572633 1.0114756 4.1577966e-08 9.5854312e-08 0.3846614 2.2445686e-03 5.5944751e-02 1.9098415 1.5981731 0.8647338 0.7012129 1.3309473 2.4317796 0.5993804 0.2089170 1.1477294 1.0860335 3.6540188 0 0 0
PPE_ENS_210 1.8285498 0.3201799 0.9057587 1.1285986 1.8883931 3.3687098 3.8493147 2.9214266 1.0417425 1.4308714 1.6917480 0.9949620 2.6633683e-08 6.7753410e-08 0.4958898 3.9116407e-03 1.0853794e-02 1.0185656 1.7048600 1.0515472 0.3425955 3.0072241 0.4974982 0.7237945 0.2198257 1.0144679 0.8040613 2.8809693 0 0 0
PPE_ENS_211 1.0446943 2.0819833 0.6519119 0.9097150 1.7465877 1.6522196 2.6178922 3.8758992 0.9491812 2.4953087 0.4171338 1.0344759 2.0865367e-08 4.4746252e-08 0.7175036 4.7878307e-03 3.2880808e-02 1.5720389 1.1539230 1.1594371 1.9501849 0.3126929 2.1069453 0.3718306 0.1070092 1.0819539 1.6068820 2.7338540 0 0 0
PPE_ENS_212 2.2570856 1.7823552 1.5061611 1.7551186 1.0506941 0.3241601 1.7371457 0.6915836 0.9455606 1.1321915 2.8215607 0.9245824 2.7113617e-08 8.7292265e-08 0.7859666 2.7434996e-03 1.5024073e-02 0.9373952 1.3104994 1.0337707 1.3914283 0.1994203 3.0775610 0.7846849 0.1093805 0.9912872 0.9643252 0.4104332 0 0 0
PPE_ENS_213 2.9466246 2.5754552 0.8628582 1.2350218 1.4364158 1.8503207 1.8276447 3.9378822 1.0623250 1.0417485 0.6230351 0.9354406 2.4860829e-08 7.6183089e-08 0.7678263 2.6013427e-03 2.8394643e-02 0.5317937 1.5363887 0.8833680 0.4999666 3.0637106 2.3817464 0.6000465 0.1333064 1.2085670 0.5236373 0.3178365 0 0 0
PPE_ENS_214 0.2008635 0.4286647 1.0277238 1.6774797 0.9065122 2.6176567 2.0118822 2.1331512 1.0361262 1.5171336 0.9666022 0.9456900 2.0428459e-08 1.1486906e-07 0.7133380 6.4837777e-03 2.9128182e-02 1.6140669 0.5356509 1.1721964 0.7290700 0.5256318 0.7163329 0.6135793 0.1595094 0.7606922 1.3623590 5.9173319 0 0 0
PPE_ENS_215 2.8074856 3.4215564 1.0427101 0.6280862 0.9143969 0.9581319 2.0499744 0.9415287 1.0750324 1.3403745 1.2005554 1.0370244 4.0353968e-08 6.2206424e-08 0.6323761 2.1329287e-03 2.3482482e-02 1.1881690 1.8642222 0.7914712 0.3629397 0.9787349 2.2718701 0.4524374 0.1468915 0.8340085 1.1501440 2.3706585 0 0 0
PPE_ENS_216 1.9968470 1.4120311 1.6078427 1.5062153 0.8252025 1.0121362 1.2297519 3.4829192 0.8591236 2.8228881 1.8440159 0.9294802 3.4862414e-08 9.3797223e-08 0.3586196 1.5505029e-03 1.1572260e-02 0.7201174 1.1876081 0.8379201 0.7674208 2.1500398 3.6842472 0.3332227 0.1454504 1.1449295 0.5970686 0.4212001 0 0 0
PPE_ENS_217 0.2145095 2.3075600 1.4242075 0.6190450 1.6301337 2.6558372 1.7576334 1.1543125 0.9780859 0.5912513 1.3106653 1.0101653 4.1417249e-08 1.1230984e-07 0.3256068 2.0324902e-03 3.7986700e-02 1.4814243 1.7672782 0.7734704 0.8758583 3.0495997 3.8457085 0.4371226 7.1655741e-02 1.2375913 1.7402964 0.5938055 0 0 0
PPE_ENS_218 0.3573431 0.6488282 1.2161353 1.0640028 0.9557377 1.5315904 0.9144352 2.1963305 0.9916819 0.4939676 1.5962118 0.9184012 2.4329294e-08 1.2644767e-07 0.6028518 2.8621023e-03 4.0496097e-02 1.7298162 0.5615109 1.2017533 0.8348292 4.5043275 2.7825620 0.6738905 0.1136662 1.0015753 0.8730295 1.5367682 0 0 0
PPE_ENS_219 2.6331146 3.7349062 1.2853213 1.2118752 0.6169482 3.5849308 1.8661742 1.8577334 1.0773137 1.7963967 1.1517951 1.0225830 4.4622111e-08 1.3635083e-07 0.4745676 2.6629473e-04 1.6091195e-02 0.5547779 0.9850906 1.1763307 1.2172409 1.1023793 1.5749022 0.4052925 2.3081106e-02 0.9636594 1.7554989 1.7666693 0 0 0
PPE_ENS_220 1.6402637 4.5847057 1.0689660 1.5903038 1.2930637 3.1408879 2.1898973 2.9669518 1.0270940 2.0554195 0.7646019 1.0145871 1.8356463e-08 1.2106819e-07 0.5980495 3.0792596e-03 1.3339448e-02 0.5228250 1.8954265 0.9285641 1.1662162 2.6202617 4.0660112 0.4821636 0.1437632 0.9511206 1.6681222 2.6709579 0 0 0
PPE_ENS_221 1.8227206 0.3806877 1.2881933 0.7827863 0.8658546 3.9334463 3.1971757 1.5364337 0.8773756 1.1616718 0.9837650 0.9626476 2.2701236e-08 4.8489520e-08 0.5012125 2.5817907e-03 4.6318528e-02 1.1369385 0.9006833 0.9341149 2.0678158 0.2507199 1.8577148 0.6806327 8.8288052e-02 0.7702981 1.9580431 3.5488296 0 0 0
PPE_ENS_222 2.5143652 2.8098416 1.2985052 1.4200788 1.2350315 2.0891553 3.1793659 0.7935988 1.0701990 0.9704044 1.4279469 1.0033118 2.3351176e-08 9.4243375e-08 0.8429705 3.9297640e-04 1.0019014e-03 1.9181574 1.2801915 0.8922123 1.6025317 1.1532897 2.9301149 0.5607723 5.0701952e-02 1.2307059 0.6244911 5.1474045 0 0 0
PPE_ENS_223 0.7238114 1.3396675 0.8154382 0.7666954 1.0186964 3.2574191 2.7346364 1.4327572 0.8896077 2.8702346 0.9514009 1.0361403 4.3340661e-08 1.7900470e-07 0.7699579 2.6185055e-03 5.0573155e-03 0.5843565 1.4602298 1.1981449 0.5987893 0.2819762 0.3283538 0.6989464 0.1503903 1.2281570 0.5330248 0.3785543 0 0 0
PPE_ENS_224 0.8949976 0.3427510 1.0563248 0.8566256 1.0758095 0.5206982 3.3356273 0.5429819 0.9721162 1.7541004 2.4148046 1.0987982 4.2362655e-08 9.4785886e-08 0.8152858 2.0437204e-03 7.9875292e-03 1.3397883 0.7903708 0.7861750 0.6466339 3.9038046 1.0581514 0.4909262 0.2031328 1.0760271 1.6443712 4.4454405 0 0 0
PPE_ENS_225 0.2253254 1.9049187 1.6707811 0.9304572 0.6608186 3.9233779 0.7470871 3.8605259 1.0631731 0.4702946 1.6505480 0.9864049 4.4746250e-08 1.4071259e-07 0.7459652 5.3983047e-04 2.2774338e-03 1.1189435 1.8418748 0.9685804 1.6119723 4.3393461 0.7072561 0.3954550 0.1732363 0.7773476 1.0604529 4.9790027e-02 0 0 0
PPE_ENS_226 2.5435470 1.1661410 1.6820740 1.8661711 1.7567744 1.5472800 2.6874257 1.0221453 0.9755187 1.4445818 1.1029387 1.0994955 1.6033873e-08 1.9661407e-07 0.5506869 3.8591062e-03 1.0392043e-02 0.7510598 1.1552201 0.9943614 0.8238361 2.7157500 4.3981945 0.3576981 8.1493575e-02 0.7954882 0.9231784 3.0310110e-02 0 0 0
PPE_ENS_227 1.0268200 0.4811650 1.1922042 1.3259856 0.9624428 2.1915055 0.3456464 2.5770321 0.9247197 1.2204749 0.5476403 0.9055593 4.3693796e-08 2.0062824e-07 0.5853478 2.4653849e-04 6.1406017e-03 0.6638823 1.1170779 1.1834811 1.1803357 2.7524244 3.0033277 0.6757297 2.2201936e-02 0.9823160 0.6390448 7.6697520 0 0 0
PPE_ENS_228 0.4521857 3.6252826 1.3414951 1.5828211 1.8732510 1.9289502 3.6336502 2.8802253 1.0174269 0.2730208 1.9963184 0.9696403 2.0114678e-08 1.0135215e-07 0.8180232 1.2122741e-03 5.0190918e-04 0.9308632 1.0962468 1.0916712 0.9499754 0.4194908 3.4502364 0.7561662 0.1430879 1.0959797 1.4795346 1.2312548 0 0 0
PPE_ENS_229 2.6490995 1.6594345 1.3639673 0.7305380 1.4432227 1.8761003 2.1303975 3.6830577 0.9687910 2.3719334 2.5971744 0.9043054 3.7677079e-08 5.6741148e-08 0.5959772 1.9031517e-03 2.7244441e-02 1.7077418 1.1460657 1.0606414 0.4282071 0.2087990 1.9582466 0.7885996 0.1524681 1.1598801 0.9024531 6.0136174 0 0 0
PPE_ENS_230 1.3778770 0.5280417 1.0655704 0.8387230 0.8726596 1.1662561 3.7363688 2.2474526 0.8586725 0.4095755 0.7369808 0.9205934 3.5221862e-08 1.3299082e-07 0.6127850 9.7646129e-04 3.3138956e-03 1.6981394 0.8528371 1.1617660 2.2265123 2.4425893 2.0209251 0.6185278 0.2310937 0.8006457 0.8983326 6.1909708 0 0 0
PPE_ENS_231 2.1237003 2.5342525 1.7224695 1.5711918 1.8019695 2.7475304 2.0209682 2.9531559 0.8928583 0.6985736 1.4904172 0.9544318 2.1853681e-08 3.7337185e-08 0.8088138 6.5884438e-04 1.8028776e-02 1.4991758 1.7564703 0.9116679 0.9340810 2.6095621 2.1446965 0.3198874 0.1261358 0.9360689 1.2770137 5.0479740 0 0 0
PPE_ENS_232 2.5810615 2.1967871 1.0263746 1.6208249 0.7502371 3.2274521 3.7096612 3.1997274 0.9381451 1.0074631 0.3118318 1.0014756 3.5617691e-08 4.3486579e-08 0.7106652 2.1132191e-03 3.0253301e-02 0.8417712 1.5487398 0.7684089 0.4123824 6.2839740 3.3960579 0.5526305 0.1976013 1.0599581 1.0450279 2.8307746 0 0 0
PPE_ENS_233 2.7701029 1.4832103 1.1276962 0.6309003 0.8545841 1.2701454 3.5918057 1.8863411 0.9023716 1.6695757 2.6459008 0.9133044 2.1500795e-08 3.2946529e-08 0.4832696 3.1509188e-03 1.1835976e-02 0.7934986 1.2604627 0.9436150 2.3775484 3.1698526 2.5543242 0.4697236 0.2111732 1.1812174 1.4890972 0.8709261 0 0 0
PPE_ENS_234 1.6317808 1.6992483 1.3542057 0.6381348 1.2549366 0.8633863 2.8555338 3.2671283 1.0710883 0.5723784 1.4702302 0.9369862 2.5311545e-08 9.9628401e-08 0.8116867 8.5404263e-04 1.4385285e-02 0.8581906 1.8032137 1.0477562 0.3853659 1.5048957 2.6066072 0.7478682 2.6648091e-02 1.1036823 0.9612858 1.3820335 0 0 0
PPE_ENS_235 0.8873826 2.9769418 1.0861881 0.7764562 0.9198424 1.4270264 0.2770678 2.2156937 0.9093703 2.7119280 1.1424409 0.9828145 2.8584973e-08 1.6076658e-07 0.8613902 1.1172493e-03 2.5005984e-02 0.8686008 1.1380828 0.8894126 0.9113191 5.3467631 1.3859147 0.5678774 0.2346630 0.7594361 1.7012603 1.0437095 0 0 0
PPE_ENS_236 0.3224770 0.5742060 1.0364098 0.6236205 1.1462971 0.4880806 0.5394466 1.6140290 1.0654059 0.4545445 1.7666548 0.9712578 2.6646994e-08 3.0028898e-08 0.6465517 2.0629311e-03 4.3222002e-02 1.2042792 1.2999415 0.8522999 0.9025802 1.9958466 1.7380866 0.5517365 0.1785785 0.8809021 0.8215857 2.5001349 0 0 0
PPE_ENS_237 2.1295062 0.3069633 0.7632867 1.7937687 0.9348721 1.6096148 2.4979915 1.2874006 0.9041222 0.3955649 1.8640491 1.0053987 2.9889021e-08 1.3914554e-07 0.8335879 4.8305241e-03 3.9042298e-02 1.8797729 1.5119326 0.9585625 0.7925132 6.7446101 0.7832948 0.7010506 0.1359820 0.8242380 1.6877172 5.1101212 0 0 0
PPE_ENS_238 0.5135947 1.8212546 0.7872529 1.7090849 1.5244159 1.9043450 0.7274779 3.7223237 0.9848414 1.4838167 2.1190847 1.0572579 1.7791904e-08 7.8630519e-08 0.5989800 2.9194127e-03 2.8699047e-02 0.7407143 1.3602233 0.9214108 1.0394898 2.1774159 2.0553577 0.3048800 6.8646233e-02 1.1407981 1.3105410 4.1673751 0 0 0
PPE_ENS_239 0.9769250 3.4625874 0.6259106 0.9669350 1.1776923 2.9574165 0.8330424 2.6085187 1.0510689 1.3722798 2.0489935 0.9475825 1.9450669e-08 7.9340675e-08 0.6191748 4.5743400e-04 9.1102806e-03 1.4681253 1.7183946 0.8083595 2.3892145 0.5949300 3.8824316 0.5310482 0.2479346 0.8504503 0.9316507 2.1757045 0 0 0
PPE_ENS_240 2.0729330 0.9506930 1.5424360 1.3095600 1.4166030 0.4708240 3.4899731 1.2173783 0.8538546 1.2282019 0.6016174 1.0420707 2.5927475e-08 1.2419868e-07 0.7666489 1.0743758e-03 2.6633812e-02 1.5671035 0.6328618 0.9791004 2.2951193 5.3190489 3.3829931 0.6956321 8.2521430e-02 1.0910412 0.9169811 0.6774367 0 0 0
PPE_ENS_241 1.3383033 1.3274540 1.2749997 1.1604222 0.9262977 3.5476327 0.5947785 3.5402268 0.8486159 1.6460100 0.7023833 0.9666830 1.7639710e-08 2.3020426e-07 0.5939899 6.1613480e-03 1.9454060e-04 0.8979548 0.9894332 1.1561695 1.9476490 0.3884530 1.1565689 0.6494898 0.1653130 1.0123929 1.1457814 0.1552267 0 0 0
PPE_ENS_242 0.5693799 0.5517295 1.4036355 1.2382489 1.1184829 1.7116840 0.7929995 0.3120039 0.9559165 1.4112933 2.8846154 1.0299481 3.2974141e-08 1.9271082e-07 0.7918345 4.7229007e-03 4.3700503e-02 0.8880228 0.8067027 1.0101788 1.3533034 4.8562471 0.7370296 0.7723864 5.0009462e-02 0.8894562 0.6083318 4.1457580 0 0 0
PPE_ENS_243 1.8551834 1.2736250 0.7617337 1.5149123 1.0376265 3.6217415 1.0601291 3.1178063 1.0216226 0.7303783 1.1181222 0.9063614 3.5920070e-08 5.5980553e-08 0.4597968 3.4058602e-03 3.5919489e-02 1.7047729 1.4351367 1.1906878 1.6262040 3.3311035 2.0735819 0.5650043 6.3952203e-02 1.2026279 0.5660494 3.3646154 0 0 0
PPE_ENS_244 1.9811532 1.5711461 0.8285254 1.0210625 0.9792316 0.4450084 2.0619761 2.1727559 0.8841051 0.6820677 0.8673935 1.0266807 3.1161390e-08 1.1469262e-07 0.4573710 3.6451111e-03 3.3604665e-02 1.7742007 1.3996634 1.1662930 2.0341781 2.1305083 1.6547599 0.4035002 0.1400764 0.9309892 1.3323051 3.4734446 0 0 0
PPE_ENS_245 1.8091861 1.2448708 1.4808396 0.8072939 0.7195161 0.4300824 1.3413022 0.6356447 1.0221524 1.8588253 0.4695994 1.0314170 4.0464990e-08 1.0936785e-07 0.3362566 1.8155304e-03 5.7547069e-02 0.8226638 0.5248869 0.9392024 0.3301310 1.5919649 1.9180489 0.7879558 0.2450696 0.9477160 1.6386840 2.8072056 0 0 0
PPE_ENS_246 1.9003843 2.6112150 1.3707899 1.1939254 1.4081721 1.7892077 3.1464693 2.3443789 0.9337100 1.7217923 1.9227483 0.9195241 2.2464434e-08 1.8847537e-07 0.7809644 2.0848824e-03 1.6353492e-02 1.5244832 1.2115821 0.9918276 0.9402432 4.1948953 1.7547963 0.3727829 0.1045900 0.8480690 1.5201825 4.6751005 0 0 0
PPE_ENS_247 2.5894602 0.3966270 1.4414363 1.2424258 1.3756813 3.7800136 1.3776843 2.4029215 1.0471560 2.2925105 0.3615448 1.0282143 1.5887740e-08 8.9448785e-08 0.3745374 1.9659305e-03 2.2349316e-02 1.8632306 1.8466230 1.1229353 1.7564345 7.8535120 0.5215893 0.6597908 0.2068174 0.9676079 1.9851837 4.6129843 0 0 0
PPE_ENS_248 1.1956767 0.5851097 0.7396593 1.3056767 1.4599075 2.1747294 3.9533234 2.8911544 0.9740218 2.0331621 1.1544226 1.0578255 2.6183259e-08 8.6584003e-08 0.6662837 5.9015114e-03 2.3312613e-02 1.0635852 0.8810402 0.8544885 0.3767441 4.0385839 0.8798530 0.4626871 0.2927796 1.2199702 1.4941803 1.3468598 0 0 0
PPE_ENS_249 2.6108348 1.9860416 1.3128450 1.4155535 1.0414121 0.3587384 1.1616476 0.9753870 0.9061843 1.6106428 0.9371742 0.9228784 1.8780878e-08 1.3719093e-07 0.3687895 7.6949723e-04 6.3877851e-02 1.5503382 0.6850217 0.9069877 2.4583971 1.0398910 2.9841203 0.6049563 0.1164821 1.0986527 1.7985056 4.0672099 0 0 0
PPE_ENS_250 2.2830263 1.0510414 1.3958821 1.4954030 1.5489697 0.5045561 1.6002849 3.0402603 1.0539285 1.5792394 1.6026058 0.9655260 2.5177832e-08 1.6882821e-07 0.8465768 4.4025986e-03 6.7179550e-03 1.3557137 0.9279739 0.7554963 1.0182956 3.6542633 0.5451276 0.6439661 0.1894727 0.7860391 1.5378193 2.1874690 0 0 0
