0 SCALE_EMI_DMS SCALE_EMI_SHP_SO2 SCALE_EMI_ANTNS_SO2 SCALE_EMI_ANT_BC SCALE_EMI_ANT_OC SCALE_EMI_BB_SO2 SCALE_EMI_BB_BC SCALE_EMI_BB_OC SCALE_FRICV SCALE_EMI_SS_ACC SCALE_EMI_SS_COARSE SCALE_SEASALT_EXPO SCALE_EMI_CMR_FF SCALE_EMI_CMR_BB BC_RAD_NI DU_RAD_NI OC_RAD_NI SCALE_SO2_REACTIONS SCALE_DMS_REACTIONS SCALE_WETDEP_IC SCALE_WETDEP_BC SCALE_DRYDEP_ACC SCALE_SO4_COATING KAPPA_SO4 KAPPA_OC SCALE_ACTIVATION SCALE_VERTICAL_VELOCITY SCALE_NUC_FT INSTALL START END
PPE_ENS_126 1.6641332 2.0712583 1.0327033 1.5495088 1.4852989 0.9941486 1.0480341 3.0680419 0.8498193 1.4181557 2.2771161 1.0831668 1.8683643e-08 5.2505907e-08 0.6827234 4.1540805e-03 2.1979475e-02 1.0800558 0.9117327 0.9700455 2.4197053 2.6359549 2.5773070 0.5179441 0.2439945 0.8593776 0.5021207 1.0017821 1 1 0
PPE_ENS_127 0.3020783 2.0087487 1.4131038 0.7191784 0.9702565 2.2818683 0.4394736 0.8458087 1.0523272 0.3611429 1.1834687 0.9762913 3.9730556e-08 1.0181614e-07 0.5724228 4.5212399e-03 2.1011603e-02 0.8495944 1.8087764 1.1257030 1.4328324 1.7543310 2.1851735 0.3960489 9.8600014e-02 1.0397691 0.6986365 4.0525373 1 1 0
PPE_ENS_128 0.5317749 1.5116834 1.8057383 0.9700450 1.5531161 2.7739555 2.5383602 0.3005115 1.0019101 2.0703877 1.7320815 1.0468842 1.9414613e-08 1.3984932e-07 0.7387100 3.2334753e-03 2.2208567e-02 1.6164375 1.7931803 1.1349276 1.4358920 0.2450686 3.8937607 0.5872001 0.1572919 0.8875958 1.6814769 2.2843072 1 1 0
PPE_ENS_129 1.1413635 1.1134735 0.8196026 1.4574383 0.6734926 2.4698985 1.2807357 2.7794702 1.0004922 0.7234253 1.5087384 1.0665539 2.8265662e-08 4.7774139e-08 0.5689126 3.6757146e-04 1.7293529e-02 0.6941879 1.5551916 0.9167651 1.7111401 5.8832589 2.2684068 0.3141320 0.1371620 0.8922872 0.5732299 6.1661841 1 1 0
PPE_ENS_130 2.7091627 3.1240328 0.8870646 1.3409412 1.1062788 2.6324406 3.9813620 3.8440348 0.8847954 0.3082998 1.7509545 0.9350506 4.3564351e-08 1.8950379e-07 0.8301022 2.2813448e-03 1.8629250e-02 1.2800851 1.9203431 1.0061500 1.4960488 1.1323122 2.4577350 0.7829431 0.1882453 1.0027054 1.1397739 3.1996348 1 1 0
PPE_ENS_131 1.4048056 1.7154837 0.8713588 1.1545125 1.6283576 0.7589827 1.5673894 3.3582858 1.0289771 1.2717258 0.6624729 0.9238898 3.9841964e-08 1.7048070e-07 0.7865760 2.8774197e-03 1.2482519e-02 0.5010436 1.0176189 0.9561108 1.2942284 7.2171222 3.5186870 0.5459218 3.5442633e-02 0.7527845 1.9276439 4.9814247 1 1 0
PPE_ENS_132 1.2487358 2.4329966 0.9086105 0.8491879 1.1846594 0.8233055 0.5179488 1.7271282 0.9047024 1.2493574 0.8557895 1.0641898 3.7339905e-08 5.5101390e-08 0.5237010 2.8416807e-03 4.6821699e-02 1.7575705 1.0933662 1.0392215 0.4529014 5.0495140 3.7365838 0.5925658 0.2733395 1.1003887 0.7991505 4.5510797 1 1 0
PPE_ENS_133 0.6684897 3.0125950 1.5073897 0.8608199 0.7959314 3.1568072 2.8240489 3.4100175 0.9707669 1.3785874 1.5831037 1.0389619 2.7997969e-08 4.0040374e-08 0.4209162 5.6768916e-04 8.6876492e-03 1.8162875 1.0392190 1.0803840 1.1757506 0.7874947 0.7665185 0.5057791 8.0449941e-02 1.0667637 1.8115646 3.5323846 1 1 0
PPE_ENS_134 2.1125864 3.5779662 1.5879536 0.6711584 0.9858193 1.2673584 0.5965043 3.8846841 0.9006565 1.1570183 1.3455272 1.0004878 1.8976103e-08 1.4358183e-07 0.5615319 4.7676378e-03 2.0135406e-02 0.7370603 1.9604547 0.9764480 1.5645140 7.3061453 2.8057869 0.4877644 0.3017288 1.1854614 0.8302832 3.6761767 1 1 0
PPE_ENS_135 0.8565038 1.8585311 1.7810574 1.4057453 1.3526713 0.7971594 2.3124524 1.3882289 1.0068969 2.5191551 1.4784992 0.9892910 2.8185706e-08 1.5269077e-07 0.7157796 3.3853724e-03 4.2778503e-02 1.3498867 0.6570593 1.0007895 2.8473900 2.5580491 3.2794994 0.5062495 0.1224762 0.7925932 1.0489537 2.6763063 1 1 0
PPE_ENS_136 0.4438324 1.8720671 0.6940748 1.1432601 1.1503423 0.3710896 0.7758445 0.9880314 0.9957174 0.7694709 1.0671862 1.0463481 3.2794364e-08 1.1691908e-07 0.6545247 2.5638995e-03 3.9274431e-02 1.8381110 1.6828417 1.0480261 1.7452414 1.1223445 1.8655443 0.7939002 0.2131751 1.1147795 1.9977490 3.9037205 1 1 0
PPE_ENS_137 0.2794908 2.0242878 0.9878562 1.9057311 0.9238054 1.3264091 0.4952741 0.4865153 1.0250235 1.5670744 0.5087293 0.9470154 2.3809760e-08 1.5623305e-07 0.7236589 1.5927241e-03 3.1378446e-03 1.4121818 1.4480316 1.1497013 2.0456397 2.4799735 3.6205703 0.7647364 7.5106730e-02 0.8965971 1.5081292 1.1522858 1 1 0
PPE_ENS_138 0.8209563 2.5641134 1.4925231 1.2603489 1.0934231 0.9141006 1.2024886 0.4356237 0.9470052 0.9232804 1.3942725 0.9920318 1.6720532e-08 3.4380143e-08 0.6983249 1.3880642e-03 6.6619166e-02 1.6221124 1.6476791 0.8181986 1.8826217 1.0830363 2.8631571 0.3039333 0.2187550 0.9437562 0.5501147 3.7891505 1 1 0
PPE_ENS_139 1.8794282 0.3465158 1.3013787 1.2867287 0.8225587 3.6837123 1.7344787 0.9083542 0.8706656 2.5842181 0.9355508 0.9563417 3.8306730e-08 2.0604344e-07 0.5355520 4.2228478e-03 1.0557963e-02 1.5071914 0.5913672 1.2351340 0.5130280 3.5629284 0.3562076 0.4018610 0.1241468 0.9444069 1.7907788 4.5080682 1 1 0
PPE_ENS_140 0.7505572 2.1204546 0.6546309 0.7986133 1.3866473 2.6410839 2.7494339 2.3023503 0.8458542 0.1743738 0.6151770 1.0276152 3.8040520e-08 2.2392319e-07 0.4815099 1.5748631e-03 1.8857668e-02 0.5963646 0.5432278 0.9235791 1.8015357 0.8884263 0.9623278 0.6352863 0.1933190 0.9210027 1.8311073 4.5759431 1 1 0
PPE_ENS_141 1.4432217 1.1887983 1.6114570 1.1947400 1.3626249 3.8998882 3.2780849 0.8511493 0.9274279 1.3585420 2.0865101 1.0553363 2.2639093e-08 1.7990449e-07 0.5565350 1.6578799e-03 1.3798140e-02 1.2875830 0.7986286 1.1622767 1.8572540 2.1950483 0.5629297 0.7520338 9.7977706e-02 1.0089115 1.2161750 2.0345272 1 1 0
PPE_ENS_142 1.7640412 1.6210175 0.6416867 1.2162435 1.7245317 0.6048502 2.6511368 1.4900432 0.8882433 0.4024869 2.2974389 1.0122136 3.1301618e-08 3.4777176e-08 0.5552579 1.3544067e-03 1.6702226e-02 0.6091365 1.4070088 0.7929205 2.5499290 5.5118684 1.3522197 0.4958827 0.2018263 0.8830311 1.5631715 3.0100604 1 1 0
PPE_ENS_143 1.6689934 1.0115007 1.0939752 0.9938106 1.4761665 1.2542872 3.6120319 1.6322937 1.0163762 2.0209676 1.2965395 1.0697119 3.1433241e-08 2.1289054e-07 0.5764185 3.7668739e-03 2.2774142e-02 1.5494351 0.7608197 0.8131060 1.3398485 3.2356346 2.9102503 0.6260592 0.2054805 0.8579489 0.6846060 0.7895053 1 1 0
PPE_ENS_144 2.6684282 2.4510771 1.8652029 0.9757293 1.1852241 2.5527501 0.6701005 0.3612139 0.9785269 1.7872643 2.6100374 1.0564971 1.6234629e-08 1.0352282e-07 0.6922372 5.1346280e-03 7.0701504e-03 1.2475513 1.2008548 1.0832873 0.5822016 6.6229554 0.9910298 0.5568861 0.2006573 0.8193827 1.6512576 3.5950926 1 1 0
PPE_ENS_145 0.4292811 0.9068117 1.4848504 1.1206508 0.9936316 0.5905633 2.3200170 1.0703886 0.9476875 1.4966444 0.8043730 1.0964432 3.2180692e-08 5.3418416e-08 0.7081262 5.0451838e-03 1.1207022e-02 0.6276394 1.2959432 1.0180830 0.7404236 4.2643222 0.6838488 0.5413666 0.2545162 0.8470469 1.5418584 7.0170577 1 1 0
PPE_ENS_146 0.3866136 0.4975489 1.2574176 1.3356064 1.4098205 2.0040319 0.3843147 1.4172368 0.9395573 2.1992228 0.4575176 0.9694814 1.5192523e-08 1.8212206e-07 0.5168627 2.4038587e-03 1.1664107e-02 1.7932318 1.3412751 0.9444431 1.3704531 3.4839856 0.4049195 0.3295035 0.1171399 0.9692144 1.1725115 2.9497949 1 1 0
PPE_ENS_147 2.4196349 2.3828973 0.6365814 1.1991487 1.5340431 2.0601562 1.1722805 2.5081591 1.0261248 1.1352433 1.1113826 0.9022679 2.9046745e-08 2.0547967e-07 0.5908316 3.0267098e-03 9.9104144e-03 1.4309135 0.6763964 1.0745459 1.5295018 4.4576539 4.2179057 0.7335776 0.1053097 0.7693261 1.9198633 2.6148198 1 1 0
PPE_ENS_148 2.7842222 3.2206746 1.1145429 1.3037575 0.6696936 2.6727983 0.8944624 1.7875500 1.0396805 0.4662468 2.3169944 1.0310070 3.8611136e-08 2.9357885e-08 0.4551770 5.4536877e-03 1.0597206e-03 0.9434331 1.7812730 0.8511316 1.6795971 5.6968999 1.1008708 0.5017477 5.7447736e-02 0.8609769 1.0814816 1.0761728 1 1 0
PPE_ENS_149 1.0698062 0.7373808 1.0014809 1.3868779 0.8087106 0.5674336 0.8118465 1.5654258 1.0180128 0.3017791 1.6824012 0.9306341 2.5445632e-08 6.6112231e-08 0.7099854 1.3172758e-03 1.1939424e-02 1.8005419 1.0581639 1.0594172 1.8506048 1.5783151 1.6043557 0.7165175 0.2329549 1.0565295 0.9712399 1.9807343 1 1 0
PPE_ENS_150 1.5393351 2.0470962 0.9260206 1.3654260 1.0280954 0.5422787 2.1545470 2.0679999 0.9186207 2.6775213 1.4543399 1.0259768 3.7814806e-08 1.0389768e-07 0.8403822 1.2604176e-03 2.7469042e-04 0.5097475 0.7327681 0.9099340 2.1240901 6.0229203 2.6185755 0.4796399 0.1757065 0.9133002 0.5384225 1.7471940 1 1 0
PPE_ENS_151 0.6576672 1.0822252 1.2056363 1.1481627 1.1938197 1.8694012 3.5382627 3.5894043 0.8731272 2.0029660 1.5254783 1.0932314 4.1021825e-08 1.3764295e-07 0.6766181 1.7361645e-03 1.4818620e-02 1.2182570 1.7722493 0.9138452 0.9914022 0.3434422 2.4822449 0.7620454 0.1618344 1.1342135 0.9555595 2.0182606 1 1 0
PPE_ENS_152 1.8820806 4.2768784 0.6190083 1.4296131 1.0348522 3.7406592 0.5217434 1.7100028 0.9077906 1.8189856 2.2360419 0.9513404 3.9055050e-08 2.4144156e-07 0.4644406 2.6594580e-03 2.4679600e-03 1.8504249 1.4971573 0.7502890 2.1777139 4.8931078 3.2158353 0.5021110 8.3370634e-02 1.0063500 1.2841216 2.4402499 1 1 0
PPE_ENS_153 2.2330530 0.7270528 0.8341042 0.6882016 1.6368199 0.8974621 1.9967433 1.9014508 1.0769425 1.4289987 0.8757262 0.9745730 4.0642064e-08 1.6496276e-07 0.6445671 4.7637186e-04 2.3044593e-02 0.8153660 1.5209580 1.0127539 1.3079128 1.6874872 3.1287283 0.6063057 7.7705343e-02 0.9171295 1.8676158 3.7181761 1 1 0
PPE_ENS_154 0.5806768 0.6354349 0.9174723 0.7683785 0.9093099 3.1845813 0.5672540 1.6244435 0.8525128 2.0855500 1.0163240 1.0110022 4.0250624e-08 9.7891745e-08 0.3138823 2.2597151e-03 6.0926055e-02 0.6148025 1.4448444 1.2417963 1.9260273 0.5720360 1.7592317 0.3263057 0.3172345 0.8688535 1.6238928 1.8231723 1 1 0
PPE_ENS_155 0.4595680 0.6052691 1.0918330 0.9030043 0.8019062 1.4470522 2.4094854 1.5729213 0.9809563 0.3655713 1.2518571 0.9105633 2.2858158e-08 5.9866828e-08 0.7882930 1.0523014e-03 2.9995127e-03 1.6064164 0.5964445 0.7618988 0.5222167 4.3033228 1.6133366 0.6386008 0.2077466 0.9597404 0.7373535 2.6338233 1 1 0
PPE_ENS_156 1.8666281 1.7651148 1.7534633 1.4278286 1.1005055 1.6980871 2.9660935 2.4602989 0.9149364 1.6842602 1.5485779 1.0758591 2.5402196e-08 8.0325891e-08 0.3405187 3.8011078e-03 4.7165975e-02 1.3786658 0.6394545 0.9462397 1.8441896 2.7611966 3.6440860 0.6919326 5.2125538e-02 1.0743912 0.7073948 3.9298966 1 1 0
PPE_ENS_157 2.4407238 2.1699356 1.3792657 1.2591082 0.9341723 1.1923781 3.8507701 2.3606812 1.0678539 1.2912784 0.6117152 0.9638014 2.4673425e-08 4.1168632e-08 0.8570506 2.4790678e-03 4.0988553e-03 1.5607717 1.0804067 0.8411089 0.9283374 4.9243227 1.3944797 0.6859305 0.2682104 1.2276747 1.6314831 5.2724537 1 1 0
PPE_ENS_158 2.1539824 1.5215750 1.4512447 0.8040024 0.7791756 0.7835066 1.4766548 1.8815433 0.9180466 2.8091479 1.9755478 0.9013897 4.3025404e-08 3.0883544e-08 0.5605054 2.3462051e-03 7.9308576e-02 0.9198919 1.9859773 1.1758293 1.5018878 1.2823619 1.2291882 0.5542378 2.1714300e-02 0.8329942 0.5614925 3.1741338 1 1 0
PPE_ENS_159 1.9237158 0.6672812 0.7555325 1.4025108 0.6496590 1.3579369 2.8028978 3.9187312 1.0378290 1.0860989 1.0906414 0.9037633 3.4549570e-08 1.0857520e-07 0.4167157 2.1004905e-03 7.5558847e-03 1.2206555 0.8892586 0.9978174 0.4748763 1.6326875 1.3068684 0.4264137 0.1690865 1.0180188 1.9896913 1.2896047 1 1 0
PPE_ENS_160 1.7680641 3.0606247 0.9621299 0.8793298 1.6548664 1.1405775 3.9145554 0.6844413 0.9596230 2.1729823 2.0766825 1.0503937 1.9978650e-08 1.8297344e-07 0.5368205 2.1804770e-03 2.6416609e-02 1.9793375 0.9671003 0.9029619 1.2907004 2.2990444 1.4865781 0.6474668 7.9288689e-02 1.1601793 1.2959664 2.3258540 1 1 0
PPE_ENS_161 2.8276444 0.8087329 0.7810675 1.6932141 1.9878456 1.8369633 2.6991089 2.4932992 0.9406987 2.0727139 0.7137280 0.9859101 4.1815347e-08 1.5468815e-07 0.4798226 2.9597185e-03 3.0825652e-02 0.8794281 0.8467532 0.8901620 1.7320001 4.6885984 3.1024643 0.3206645 0.2707223 1.1915518 1.1782788 6.3891124 1 1 0
PPE_ENS_162 1.1844520 1.5943498 1.1425868 1.2850155 1.5971851 3.0609538 2.5905189 2.3865502 0.9265594 1.5838298 1.9459293 1.0607901 3.8695839e-08 9.5373966e-08 0.6945682 3.1919291e-03 8.7433372e-03 1.7691681 0.8770958 1.1472996 2.0040663 2.5321141 0.9167868 0.7671632 0.1470749 0.8910091 1.6034313 5.1960316 1 1 0
PPE_ENS_163 0.5848045 3.9905017 1.3783225 1.2087157 1.2161090 1.8043558 1.4082855 1.9648040 1.0454363 2.5033344 0.3964061 1.0611288 2.9759790e-08 1.4247039e-07 0.8054037 4.4375986e-03 1.0172152e-02 0.9474309 1.9708352 0.9044474 1.8243410 1.5401555 0.6201087 0.5776127 0.1139876 1.1995995 1.1678548 2.2935987 1 1 0
PPE_ENS_164 2.5248121 2.2728237 1.1086524 1.0043336 1.4613148 3.4047235 3.7668561 0.5748910 0.9107142 2.2737909 1.8101214 0.9376653 3.0779040e-08 1.4843682e-07 0.6641893 1.3798423e-03 2.5363005e-02 1.6627215 1.0036009 1.1445202 1.9012057 7.9871551 2.2939059 0.3595857 0.1018048 0.8985741 0.8365254 0.9368503 1 1 0
PPE_ENS_165 2.8556776 1.4531946 1.4711735 1.2310164 1.1623471 1.0262708 1.9170387 3.1473449 0.8961073 1.0624097 2.4315321 0.9168743 3.6039598e-08 2.1968268e-07 0.6631985 6.9412669e-03 7.1467809e-02 1.0909620 1.5188638 1.1840970 1.1425772 0.8456182 1.0720914 0.7998824 4.3869348e-02 1.2414697 1.4657433 2.4140577 1 1 0
PPE_ENS_166 0.6151339 1.4273249 1.4148660 1.3333268 1.5763767 0.7315324 1.5957223 1.6985202 0.8835325 2.1771729 0.5772983 0.9594326 4.0052623e-08 7.4182734e-08 0.8531578 9.5696561e-04 2.3817824e-02 1.1737377 0.5087224 1.2442828 0.3968319 1.7073101 1.9120215 0.7049219 5.2901407e-02 1.1084388 1.6579465 3.8754728 1 1 0
PPE_ENS_167 1.3155633 0.6910272 1.0483315 0.7457781 1.5891938 2.4796759 1.8472308 2.5162656 0.8903358 0.3270285 0.8465271 0.9820474 4.3914747e-08 8.1364835e-08 0.8008982 1.4965642e-03 1.3244719e-03 1.9026924 1.9798624 0.9723907 1.7714623 6.1700100 3.1450395 0.6662291 0.2596173 1.0889993 1.8898473 4.8701364 1 1 0
PPE_ENS_168 2.7528129 1.2582820 1.4540350 1.6325566 0.6019368 2.7970036 3.2248226 2.2632597 0.9168988 0.9786323 0.6840369 1.0847995 1.6944278e-08 1.0024749e-07 0.4891670 4.2848585e-03 4.3964798e-03 1.2122348 0.7381167 1.0870217 0.6848540 6.5369464 3.9291815 0.6835545 7.6801913e-02 1.0278767 1.0091423 3.3078375 1 1 0
PPE_ENS_169 1.2955291 1.6109517 1.3322045 1.3504289 0.7865071 0.6609119 1.4041559 1.4680011 0.9657541 1.4590225 2.5197136 0.9253952 1.9219610e-08 7.3067953e-08 0.3788159 1.8296222e-03 2.5686788e-02 1.5746974 1.9092503 1.2129280 1.7385810 5.1291556 0.9718654 0.7516571 0.2242683 0.8234078 1.2691017 2.5245233 1 1 0
PPE_ENS_170 2.9692632 1.3825867 1.0766461 0.8732772 1.2806881 2.3518852 1.4869903 2.0305585 0.9359114 2.2606108 0.5891209 0.9943463 3.7272680e-08 1.1773247e-07 0.6405291 9.3512325e-04 1.4051764e-03 1.4604441 1.0552715 0.8219306 2.3066087 6.3749314 1.1688551 0.6375189 0.1116771 1.1380706 1.3653855 0.7318859 1 1 0
PPE_ENS_171 2.8726495 2.3555494 1.1559486 1.2710743 1.5181465 2.5260947 1.1941989 3.0123062 0.9715354 0.4304387 1.5142533 0.9663910 1.5087599e-08 6.3693817e-08 0.5384318 4.3383914e-03 1.4116574e-02 1.7386529 1.8215439 1.2217183 0.6133809 3.9536518 4.0947610 0.7376141 0.1197639 0.9979415 1.0213989 1.1151042 1 1 0
PPE_ENS_172 1.3015605 2.2317771 1.0733067 1.3559011 0.7651448 3.4712571 3.9298404 3.3817638 0.9859011 1.5327997 1.9309897 0.9912583 4.1249521e-08 2.6478358e-08 0.7404310 9.0033508e-04 1.2608868e-02 1.2431724 1.5562111 0.8692786 0.6297637 1.4675932 2.0023835 0.7142972 0.1081124 1.0325016 1.9723005 0.2198676 1 1 0
PPE_ENS_173 1.2799499 2.2590377 0.6318335 0.7867833 1.2597406 0.9733660 0.3156235 0.4189055 1.0581304 2.2421272 1.6360788 0.9405746 1.7666131e-08 4.7293463e-08 0.5425829 1.4016377e-03 1.2994746e-02 0.6256491 0.6255659 0.7751815 0.9859084 1.2303486 4.7762093 0.3788845 0.2606371 1.1566349 1.2864085 2.5869813 1 1 0
PPE_ENS_174 1.1573742 0.9989386 1.8437717 1.0791327 0.9478373 3.3363446 2.3668141 2.8257630 1.0616472 2.3873964 2.5486479 1.0016592 3.6682273e-08 1.7244943e-07 0.6301335 4.0010472e-03 4.1706515e-02 1.6497793 1.4262562 1.1010011 1.2631857 5.4279997 4.6660097 0.4776399 0.1827263 1.2002038 1.1985797 4.8307318 1 1 0
PPE_ENS_175 2.6211257 3.5176314 1.2807371 0.8284792 1.2642051 2.2584230 3.8308546 3.4258615 0.8991902 0.7397784 1.8989057 0.9728264 1.8019206e-08 1.3328069e-07 0.6116803 3.8167313e-03 1.2271577e-02 1.0101867 1.6367411 1.1305894 2.1024469 7.0098540 1.5642745 0.7609404 3.3010016e-02 0.7815182 0.9324884 3.5867157 1 1 0
PPE_ENS_176 1.9802399 1.2234392 0.9975063 1.3766829 0.7128056 1.6874228 1.8245791 3.1045858 0.9054722 1.1495115 1.5565092 0.9525633 2.9425910e-08 1.8591544e-07 0.7770449 2.3738505e-03 2.1611691e-02 1.0062740 0.9076597 0.8023357 2.0481437 3.7401704 1.2143120 0.4497364 0.1256697 0.9082420 1.7066649 3.5179392 1 1 0
PPE_ENS_177 1.5655717 3.3785252 0.7769322 1.3718123 1.6844600 3.0375144 2.2138661 2.9433934 1.0315714 1.7118360 2.2150424 1.0198207 2.2329965e-08 1.2307416e-07 0.8516095 1.2510783e-03 5.7189000e-02 0.8269954 1.0842240 0.8600681 0.7964483 2.8964399 0.6862042 0.4858494 0.1662760 1.2233554 1.2508640 0.6460734 1 1 0
PPE_ENS_178 1.1096800 2.1782214 0.9402010 1.5807408 1.3148047 3.0092918 1.1494727 2.1023682 1.0720371 0.5845409 2.0335625 0.9433233 2.2139128e-08 2.3342355e-07 0.5877819 5.1046719e-03 2.1523853e-02 1.1158949 1.4213272 1.1073603 2.5948554 4.9992249 2.1236658 0.5324953 0.1152861 0.7546301 1.3546047 1.9683552 1 1 0
PPE_ENS_179 1.5761758 0.8225184 1.4296827 1.0160426 1.6069740 2.1572097 0.6947339 2.6646101 0.8532564 1.9247259 1.1643860 1.0406076 1.6349673e-08 1.7371601e-07 0.5114276 2.9667859e-03 3.4837572e-02 1.8609782 1.9507552 1.0277760 1.6575183 3.7796163 1.4306256 0.7772943 0.2386906 1.0619529 1.6911774 2.9420872 1 1 0
PPE_ENS_180 1.4761536 2.4929663 1.3872997 1.5009954 1.4039678 3.8186421 1.4260182 2.6835754 0.9256800 1.4563664 1.2609369 0.9084725 2.7476669e-08 1.1944109e-07 0.4218701 2.3247990e-03 2.1734768e-02 1.3442674 0.7045827 0.7996482 0.5512644 2.9147908 2.2388095 0.3106722 0.1027779 0.9038606 0.9766484 3.9615276 1 1 0
PPE_ENS_181 2.0310884 1.9226959 0.9702244 1.3168604 1.5398836 3.7292446 0.8601709 1.2448459 0.9974595 0.3869247 1.3244862 1.0326776 2.8541614e-08 2.0277089e-07 0.3809254 3.5388491e-03 6.5646930e-03 1.3265865 1.6542853 1.0640500 0.4651860 6.9332525 2.5431024 0.7257542 0.1530751 1.2477917 1.9312913 3.4619942 1 1 0
PPE_ENS_182 0.5374367 1.0454662 1.5578048 0.7114706 0.9029050 1.9531321 2.2973249 3.9089223 0.9541986 0.5593494 0.7091738 1.0974010 4.4489100e-08 5.2279794e-08 0.7556984 5.9665317e-03 1.5184507e-02 1.9417711 1.9012855 1.0930078 0.6959117 2.8225339 1.4223534 0.5396669 0.1942962 1.1862576 1.6753927 2.1543978 1 1 0
PPE_ENS_183 0.8120715 1.3149766 1.7185632 0.7084102 0.8941632 2.8173937 1.4993907 2.1423743 0.8809118 1.9822465 0.4366046 0.9641889 3.0573203e-08 9.1488291e-08 0.6284630 3.2764966e-03 1.9351075e-02 1.3713442 0.8567156 0.9501856 1.3209963 4.7759450 0.5989393 0.7742459 0.1358794 1.1937203 1.0525672 0.8432911 1 1 0
PPE_ENS_184 1.1326696 0.8622474 0.8206938 0.8450057 1.3455796 1.4956684 2.1015296 2.4826689 0.8981801 1.5494009 1.1279105 0.9262593 3.7739305e-08 1.7502873e-07 0.8489249 4.1196509e-03 3.8280599e-02 1.1260972 1.4850798 0.7535769 2.1908345 1.0572402 2.1545243 0.5291048 0.1180331 0.8755805 1.3706756 0.1266114 1 1 0
PPE_ENS_185 0.4795267 1.8362445 1.3115786 1.6573467 1.3380768 2.9007792 1.1337409 0.9339218 0.9877633 1.8803636 1.5349058 0.9786995 1.8500498e-08 8.8421658e-08 0.6255843 2.5297377e-03 9.0187729e-03 1.3664401 1.3044231 0.9315776 1.3374792 3.4093498 0.4551417 0.5899374 0.1003407 1.2135857 1.8828896 6.9359057 1 1 0
PPE_ENS_186 0.3403019 3.1330722 1.1779722 1.3587711 0.9688798 2.3222724 3.5706499 3.7978051 0.9414878 0.9388930 0.4436860 0.9849219 3.5382784e-08 1.9306324e-07 0.2914461 8.1290052e-04 4.2572678e-02 0.9247813 1.8566673 0.8267092 2.2723636 2.2950047 2.3885584 0.4178865 0.1813761 1.1435294 1.8475732 1.2782240 1 1 0
PPE_ENS_187 2.4174564 2.6006291 1.1743950 1.5074806 0.8971834 0.3355063 3.9034321 1.9443723 1.0530632 2.4566785 0.3454298 1.0156937 3.3477376e-08 1.5333882e-07 0.5185875 8.8628253e-04 5.8671500e-02 1.4847100 1.8694210 0.7573210 2.0762769 3.6562860 0.9344768 0.3421661 0.1107882 0.7639875 1.7649292 2.1319643 1 1 0
PPE_ENS_188 0.3266942 3.4724020 0.7069709 1.1249336 1.0154616 0.8441611 0.6155525 2.2396084 1.0146965 2.2208434 1.2829248 1.0780698 1.7466710e-08 1.4756800e-07 0.7333600 3.6789435e-03 2.9293782e-02 0.7997387 1.0120089 1.1640286 2.6539214 3.5248750 1.5302595 0.5250366 0.1781937 1.1954330 1.4377236 5.4498285 1 1 0
PPE_ENS_189 2.7070820 1.4731952 1.1707311 1.1154730 1.1352293 1.9356702 1.6210243 1.2606436 0.9161973 1.7757054 1.9119675 1.0949858 4.0695463e-08 1.4672668e-07 0.8073902 1.1925021e-03 3.6608348e-02 1.0435991 1.0471316 1.2020032 1.0319276 4.0733231 0.8705212 0.5780168 0.1392112 0.9546326 0.5478637 1.6061104 1 1 0
PPE_ENS_190 1.2392137 1.4615979 0.6478700 0.9261909 1.4963472 3.8349762 3.3885937 3.9450842 0.8951068 1.1065367 0.7892257 1.0337457 3.0998068e-08 8.4470833e-08 0.4464877 3.9848914e-03 1.9750653e-02 1.7854924 1.8844465 1.0368697 2.1397662 0.6383396 3.3493437 0.7319703 8.4985279e-02 1.2332647 0.9105025 0.7124502 1 1 0
PPE_ENS_191 0.6759648 1.7460842 0.8300913 1.0356851 1.0023183 0.7245135 2.2682460 1.8090089 0.9561140 1.2591789 1.3170851 1.0525914 3.6826057e-08 7.1079894e-08 0.3642525 3.4846006e-03 6.1872801e-02 0.6360019 1.4708782 0.8846457 0.6396813 2.7275473 0.7485095 0.4508119 2.5793389e-02 0.8288701 1.7355606 0.8003993 1 1 0
PPE_ENS_192 1.9673792 1.2067358 1.3597846 0.9869206 1.1983524 0.2711543 3.1172628 1.0475706 1.0236246 2.0095827 2.0320166 1.0903007 4.2120373e-08 8.7833141e-08 0.6960951 3.3077796e-03 5.0861111e-02 0.8772260 0.9685197 1.0240180 1.6401743 1.1965274 2.2534875 0.3416272 0.1060060 1.2053056 0.7629738 3.8086359 1 1 0
PPE_ENS_193 0.2986863 2.0322942 1.9303169 1.0274330 1.2081147 1.7287247 1.4523644 0.4513506 0.9627061 1.9032350 0.9544976 1.0708310 2.2038304e-08 9.2535233e-08 0.4293068 3.1200949e-03 1.0009089e-02 0.5741481 1.1281746 1.1325704 1.0948252 4.1197617 1.6992052 0.3352147 5.6073986e-02 1.2247205 1.4066110 3.2986330 1 1 0
PPE_ENS_194 1.7341187 2.8806465 0.7436287 0.9610755 1.4686626 1.3730285 1.8897797 3.3491356 0.8645686 1.2056571 2.7575781 0.9931116 4.2024199e-08 1.0253591e-07 0.7340650 9.8310947e-04 3.5232543e-03 0.5243630 1.6593572 1.2464188 1.2076657 1.4152589 1.1989500 0.5689203 0.1605613 0.9481105 1.2477617 6.8448816 1 1 0
PPE_ENS_195 0.9450724 0.4253029 0.6717602 1.2801754 0.7149016 3.4370592 1.6643087 0.7186658 1.0124901 2.2162814 0.4617737 1.0689955 1.5442283e-08 1.0637896e-07 0.7934331 4.2442002e-04 2.0669105e-02 1.0948299 1.1064609 1.0526604 1.5125522 8.6265695 1.0439643 0.6552438 0.2168353 1.0474443 1.0756585 1.9146763 1 1 0
PPE_ENS_196 2.5531728 1.8108645 0.9475341 1.1645990 1.5839142 0.2609424 1.0112455 2.9080410 1.0743348 1.9434912 0.9256131 0.9577752 2.5715000e-08 1.1190477e-07 0.5080827 4.1843499e-03 5.2911727e-02 1.3178668 1.8000075 1.1080223 1.8096317 1.9689172 2.4936587 0.6027387 0.2256650 1.1078689 1.2113375 1.9426256 1 1 0
PPE_ENS_197 1.2061256 0.5612852 0.9747607 0.6866154 0.9768568 0.8704458 3.3072548 3.2995441 1.0667829 0.5986132 0.8361358 1.0382965 2.8741692e-08 1.1657944e-07 0.8198034 1.9635569e-03 2.3218998e-02 1.9972872 1.7258369 0.9615442 1.7835183 5.5640990 0.3230213 0.5374126 3.2529268e-02 0.8083403 1.4501059 0.3511658 1 1 0
PPE_ENS_198 1.0045497 0.5361796 1.5680738 0.7187069 1.0676292 3.3883899 0.6431262 0.3305618 0.8779451 0.8834825 0.7810720 1.0137608 3.8167477e-08 6.2048234e-08 0.6050321 4.3539285e-03 1.5622267e-02 0.9715101 0.8337745 0.9270043 2.1085634 5.0758088 1.3741454 0.6098866 0.2368199 0.7904089 1.8617116 3.6296701 1 1 0
PPE_ENS_199 2.8915661 0.8355476 1.2478837 0.9053530 1.5062685 3.6637341 0.4806331 0.8102525 0.8470952 0.8968790 1.7446682 0.9277236 1.7267977e-08 2.0131289e-07 0.4341917 3.6219926e-03 2.1057313e-02 0.7879121 1.2681576 0.7890115 1.4042140 1.9532648 0.8523317 0.6143783 0.1995142 0.9407876 1.5461251 6.7873725e-02 1 1 0
PPE_ENS_200 2.0135452 1.0168961 0.9607213 1.3185193 1.0820653 1.4147681 0.4291948 0.2715403 0.8936873 1.3236891 0.2700204 1.0043758 2.7232447e-08 1.7598888e-07 0.4700698 1.4858307e-03 4.9523090e-03 0.5529092 1.9881304 0.8250433 0.5621198 6.0697972 1.7734383 0.7117836 0.1443344 0.8657112 0.7547814 4.1812875 1 1 0
PPE_ENS_201 1.7896928 1.0684076 1.1035076 1.6459535 1.2454563 3.7563163 0.9297900 2.4357173 1.0647312 1.1786399 2.1715010 1.0354856 3.3718501e-08 5.1162598e-08 0.6590222 7.6923757e-03 2.7457879e-02 1.9154756 1.5269505 0.9335015 0.8156203 0.9029286 4.2086799 0.3237219 4.0462972e-02 0.9938799 0.6888253 0.4871751 1 1 0
PPE_ENS_202 0.4201794 1.9346983 1.1592552 1.4719909 1.9071865 2.9660725 3.5528635 2.3228087 0.8824809 2.1440188 1.2244193 1.0214863 2.2946296e-08 1.1590293e-07 0.4983941 2.9938891e-03 1.5405615e-02 1.1459745 0.5488748 0.9894008 2.2462991 3.3019533 2.8512434 0.7969547 0.1512919 1.0310174 0.7892964 7.2896450 1 1 0
PPE_ENS_203 2.2940767 1.5428352 1.0514962 1.0335019 1.2060654 1.0759301 3.4052926 3.9567982 1.0340841 0.9893044 1.5872840 0.9753124 4.2634996e-08 6.6642473e-08 0.8416756 8.0054441e-04 4.6537833e-03 1.1054650 0.5841173 1.2437571 1.4440358 2.5829033 1.2666431 0.7497414 0.2859659 1.2108732 1.2633369 1.8175353 1 1 0
PPE_ENS_204 1.6859370 1.7974971 1.0979672 1.3299830 0.8178704 3.4796015 1.5174319 1.5492523 1.0203176 2.1015300 0.8846843 1.0634269 3.8461606e-08 1.3139703e-07 0.6513422 6.6422613e-03 2.1212590e-02 1.6554923 0.9766175 1.0358702 0.4232954 3.0993429 1.7268661 0.4257854 0.1408511 1.1269938 1.5946085 5.2396788 1 1 0
PPE_ENS_205 0.2472619 2.6959417 1.6623931 1.6378230 0.6844149 1.5151385 2.2477398 0.6692882 0.9139310 2.4156121 2.1461293 1.0440229 4.1727516e-08 5.7775542e-08 0.8367230 6.7567076e-03 3.6147482e-02 1.9509965 0.8273299 1.2164086 1.7930262 6.8173570 1.1368749 0.5826345 0.2175772 0.7517571 1.1293032 4.4230920 1 1 0
PPE_ENS_206 0.9944471 0.7506182 1.2249299 0.9435420 1.1051943 3.1742832 1.3100748 1.5955001 0.9227163 1.6035416 1.0473769 0.9334715 3.4323804e-08 1.6804727e-07 0.8036974 3.9668979e-03 9.7800607e-03 0.6449916 1.2423312 0.7859725 0.4048349 2.5147779 0.3123490 0.5817466 9.0539664e-02 0.8763313 1.8405824 6.0311681 1 1 0
PPE_ENS_207 0.2438802 3.8388683 1.0838613 1.2243351 0.9411653 2.4022075 0.4009149 0.7333616 0.9883405 1.0457276 2.1245797 0.9285312 3.4030476e-08 1.4606430e-07 0.2801866 1.4571516e-03 1.8670851e-03 1.4524377 0.6715619 1.1895048 0.8495930 8.2498592 1.6944454 0.6898565 0.1304212 0.8841780 0.8243044 1.4143896 1 1 0
PPE_ENS_208 1.9355544 0.6620665 0.6871147 1.0545265 1.3077023 2.1193761 3.8703475 0.7857022 0.9814483 0.6376169 1.0063257 1.0473466 2.5046092e-08 1.4482254e-07 0.8271935 6.7927926e-04 2.0528455e-02 0.8604370 0.9435528 1.1787922 0.3465803 2.6682865 1.7155414 0.5846297 4.7174063e-02 0.7657116 1.8508151 1.7283087 1 1 0
PPE_ENS_209 0.7976356 0.9838124 0.9022247 1.8271321 1.0573110 1.4530000 0.3336719 2.9844835 0.8918847 1.8015260 0.3572633 1.0114756 4.1577966e-08 9.5854312e-08 0.3846614 2.2445686e-03 5.5944751e-02 1.9098415 1.5981731 0.8647338 0.7012129 1.3309473 2.4317796 0.5993804 0.2089170 1.1477294 1.0860335 3.6540188 1 1 0
PPE_ENS_210 1.8285498 0.3201799 0.9057587 1.1285986 1.8883931 3.3687098 3.8493147 2.9214266 1.0417425 1.4308714 1.6917480 0.9949620 2.6633683e-08 6.7753410e-08 0.4958898 3.9116407e-03 1.0853794e-02 1.0185656 1.7048600 1.0515472 0.3425955 3.0072241 0.4974982 0.7237945 0.2198257 1.0144679 0.8040613 2.8809693 1 1 0
PPE_ENS_211 1.0446943 2.0819833 0.6519119 0.9097150 1.7465877 1.6522196 2.6178922 3.8758992 0.9491812 2.4953087 0.4171338 1.0344759 2.0865367e-08 4.4746252e-08 0.7175036 4.7878307e-03 3.2880808e-02 1.5720389 1.1539230 1.1594371 1.9501849 0.3126929 2.1069453 0.3718306 0.1070092 1.0819539 1.6068820 2.7338540 1 1 0
PPE_ENS_212 2.2570856 1.7823552 1.5061611 1.7551186 1.0506941 0.3241601 1.7371457 0.6915836 0.9455606 1.1321915 2.8215607 0.9245824 2.7113617e-08 8.7292265e-08 0.7859666 2.7434996e-03 1.5024073e-02 0.9373952 1.3104994 1.0337707 1.3914283 0.1994203 3.0775610 0.7846849 0.1093805 0.9912872 0.9643252 0.4104332 1 1 0
PPE_ENS_213 2.9466246 2.5754552 0.8628582 1.2350218 1.4364158 1.8503207 1.8276447 3.9378822 1.0623250 1.0417485 0.6230351 0.9354406 2.4860829e-08 7.6183089e-08 0.7678263 2.6013427e-03 2.8394643e-02 0.5317937 1.5363887 0.8833680 0.4999666 3.0637106 2.3817464 0.6000465 0.1333064 1.2085670 0.5236373 0.3178365 1 1 0
PPE_ENS_214 0.2008635 0.4286647 1.0277238 1.6774797 0.9065122 2.6176567 2.0118822 2.1331512 1.0361262 1.5171336 0.9666022 0.9456900 2.0428459e-08 1.1486906e-07 0.7133380 6.4837777e-03 2.9128182e-02 1.6140669 0.5356509 1.1721964 0.7290700 0.5256318 0.7163329 0.6135793 0.1595094 0.7606922 1.3623590 5.9173319 1 1 0
PPE_ENS_215 2.8074856 3.4215564 1.0427101 0.6280862 0.9143969 0.9581319 2.0499744 0.9415287 1.0750324 1.3403745 1.2005554 1.0370244 4.0353968e-08 6.2206424e-08 0.6323761 2.1329287e-03 2.3482482e-02 1.1881690 1.8642222 0.7914712 0.3629397 0.9787349 2.2718701 0.4524374 0.1468915 0.8340085 1.1501440 2.3706585 1 1 0
PPE_ENS_216 1.9968470 1.4120311 1.6078427 1.5062153 0.8252025 1.0121362 1.2297519 3.4829192 0.8591236 2.8228881 1.8440159 0.9294802 3.4862414e-08 9.3797223e-08 0.3586196 1.5505029e-03 1.1572260e-02 0.7201174 1.1876081 0.8379201 0.7674208 2.1500398 3.6842472 0.3332227 0.1454504 1.1449295 0.5970686 0.4212001 1 1 0
PPE_ENS_217 0.2145095 2.3075600 1.4242075 0.6190450 1.6301337 2.6558372 1.7576334 1.1543125 0.9780859 0.5912513 1.3106653 1.0101653 4.1417249e-08 1.1230984e-07 0.3256068 2.0324902e-03 3.7986700e-02 1.4814243 1.7672782 0.7734704 0.8758583 3.0495997 3.8457085 0.4371226 7.1655741e-02 1.2375913 1.7402964 0.5938055 1 1 0
PPE_ENS_218 0.3573431 0.6488282 1.2161353 1.0640028 0.9557377 1.5315904 0.9144352 2.1963305 0.9916819 0.4939676 1.5962118 0.9184012 2.4329294e-08 1.2644767e-07 0.6028518 2.8621023e-03 4.0496097e-02 1.7298162 0.5615109 1.2017533 0.8348292 4.5043275 2.7825620 0.6738905 0.1136662 1.0015753 0.8730295 1.5367682 1 1 0
PPE_ENS_219 2.6331146 3.7349062 1.2853213 1.2118752 0.6169482 3.5849308 1.8661742 1.8577334 1.0773137 1.7963967 1.1517951 1.0225830 4.4622111e-08 1.3635083e-07 0.4745676 2.6629473e-04 1.6091195e-02 0.5547779 0.9850906 1.1763307 1.2172409 1.1023793 1.5749022 0.4052925 2.3081106e-02 0.9636594 1.7554989 1.7666693 1 1 0
PPE_ENS_220 1.6402637 4.5847057 1.0689660 1.5903038 1.2930637 3.1408879 2.1898973 2.9669518 1.0270940 2.0554195 0.7646019 1.0145871 1.8356463e-08 1.2106819e-07 0.5980495 3.0792596e-03 1.3339448e-02 0.5228250 1.8954265 0.9285641 1.1662162 2.6202617 4.0660112 0.4821636 0.1437632 0.9511206 1.6681222 2.6709579 1 1 0
PPE_ENS_221 1.8227206 0.3806877 1.2881933 0.7827863 0.8658546 3.9334463 3.1971757 1.5364337 0.8773756 1.1616718 0.9837650 0.9626476 2.2701236e-08 4.8489520e-08 0.5012125 2.5817907e-03 4.6318528e-02 1.1369385 0.9006833 0.9341149 2.0678158 0.2507199 1.8577148 0.6806327 8.8288052e-02 0.7702981 1.9580431 3.5488296 1 1 0
PPE_ENS_222 2.5143652 2.8098416 1.2985052 1.4200788 1.2350315 2.0891553 3.1793659 0.7935988 1.0701990 0.9704044 1.4279469 1.0033118 2.3351176e-08 9.4243375e-08 0.8429705 3.9297640e-04 1.0019014e-03 1.9181574 1.2801915 0.8922123 1.6025317 1.1532897 2.9301149 0.5607723 5.0701952e-02 1.2307059 0.6244911 5.1474045 1 1 0
PPE_ENS_223 0.7238114 1.3396675 0.8154382 0.7666954 1.0186964 3.2574191 2.7346364 1.4327572 0.8896077 2.8702346 0.9514009 1.0361403 4.3340661e-08 1.7900470e-07 0.7699579 2.6185055e-03 5.0573155e-03 0.5843565 1.4602298 1.1981449 0.5987893 0.2819762 0.3283538 0.6989464 0.1503903 1.2281570 0.5330248 0.3785543 1 1 0
PPE_ENS_224 0.8949976 0.3427510 1.0563248 0.8566256 1.0758095 0.5206982 3.3356273 0.5429819 0.9721162 1.7541004 2.4148046 1.0987982 4.2362655e-08 9.4785886e-08 0.8152858 2.0437204e-03 7.9875292e-03 1.3397883 0.7903708 0.7861750 0.6466339 3.9038046 1.0581514 0.4909262 0.2031328 1.0760271 1.6443712 4.4454405 1 1 0
PPE_ENS_225 0.2253254 1.9049187 1.6707811 0.9304572 0.6608186 3.9233779 0.7470871 3.8605259 1.0631731 0.4702946 1.6505480 0.9864049 4.4746250e-08 1.4071259e-07 0.7459652 5.3983047e-04 2.2774338e-03 1.1189435 1.8418748 0.9685804 1.6119723 4.3393461 0.7072561 0.3954550 0.1732363 0.7773476 1.0604529 4.9790027e-02 1 1 0
PPE_ENS_226 2.5435470 1.1661410 1.6820740 1.8661711 1.7567744 1.5472800 2.6874257 1.0221453 0.9755187 1.4445818 1.1029387 1.0994955 1.6033873e-08 1.9661407e-07 0.5506869 3.8591062e-03 1.0392043e-02 0.7510598 1.1552201 0.9943614 0.8238361 2.7157500 4.3981945 0.3576981 8.1493575e-02 0.7954882 0.9231784 3.0310110e-02 1 1 0
PPE_ENS_227 1.0268200 0.4811650 1.1922042 1.3259856 0.9624428 2.1915055 0.3456464 2.5770321 0.9247197 1.2204749 0.5476403 0.9055593 4.3693796e-08 2.0062824e-07 0.5853478 2.4653849e-04 6.1406017e-03 0.6638823 1.1170779 1.1834811 1.1803357 2.7524244 3.0033277 0.6757297 2.2201936e-02 0.9823160 0.6390448 7.6697520 1 1 0
PPE_ENS_228 0.4521857 3.6252826 1.3414951 1.5828211 1.8732510 1.9289502 3.6336502 2.8802253 1.0174269 0.2730208 1.9963184 0.9696403 2.0114678e-08 1.0135215e-07 0.8180232 1.2122741e-03 5.0190918e-04 0.9308632 1.0962468 1.0916712 0.9499754 0.4194908 3.4502364 0.7561662 0.1430879 1.0959797 1.4795346 1.2312548 1 1 0
PPE_ENS_229 2.6490995 1.6594345 1.3639673 0.7305380 1.4432227 1.8761003 2.1303975 3.6830577 0.9687910 2.3719334 2.5971744 0.9043054 3.7677079e-08 5.6741148e-08 0.5959772 1.9031517e-03 2.7244441e-02 1.7077418 1.1460657 1.0606414 0.4282071 0.2087990 1.9582466 0.7885996 0.1524681 1.1598801 0.9024531 6.0136174 1 1 0
PPE_ENS_230 1.3778770 0.5280417 1.0655704 0.8387230 0.8726596 1.1662561 3.7363688 2.2474526 0.8586725 0.4095755 0.7369808 0.9205934 3.5221862e-08 1.3299082e-07 0.6127850 9.7646129e-04 3.3138956e-03 1.6981394 0.8528371 1.1617660 2.2265123 2.4425893 2.0209251 0.6185278 0.2310937 0.8006457 0.8983326 6.1909708 1 1 0
PPE_ENS_231 2.1237003 2.5342525 1.7224695 1.5711918 1.8019695 2.7475304 2.0209682 2.9531559 0.8928583 0.6985736 1.4904172 0.9544318 2.1853681e-08 3.7337185e-08 0.8088138 6.5884438e-04 1.8028776e-02 1.4991758 1.7564703 0.9116679 0.9340810 2.6095621 2.1446965 0.3198874 0.1261358 0.9360689 1.2770137 5.0479740 1 1 0
PPE_ENS_232 2.5810615 2.1967871 1.0263746 1.6208249 0.7502371 3.2274521 3.7096612 3.1997274 0.9381451 1.0074631 0.3118318 1.0014756 3.5617691e-08 4.3486579e-08 0.7106652 2.1132191e-03 3.0253301e-02 0.8417712 1.5487398 0.7684089 0.4123824 6.2839740 3.3960579 0.5526305 0.1976013 1.0599581 1.0450279 2.8307746 1 1 0
PPE_ENS_233 2.7701029 1.4832103 1.1276962 0.6309003 0.8545841 1.2701454 3.5918057 1.8863411 0.9023716 1.6695757 2.6459008 0.9133044 2.1500795e-08 3.2946529e-08 0.4832696 3.1509188e-03 1.1835976e-02 0.7934986 1.2604627 0.9436150 2.3775484 3.1698526 2.5543242 0.4697236 0.2111732 1.1812174 1.4890972 0.8709261 1 1 0
PPE_ENS_234 1.6317808 1.6992483 1.3542057 0.6381348 1.2549366 0.8633863 2.8555338 3.2671283 1.0710883 0.5723784 1.4702302 0.9369862 2.5311545e-08 9.9628401e-08 0.8116867 8.5404263e-04 1.4385285e-02 0.8581906 1.8032137 1.0477562 0.3853659 1.5048957 2.6066072 0.7478682 2.6648091e-02 1.1036823 0.9612858 1.3820335 1 1 0
PPE_ENS_235 0.8873826 2.9769418 1.0861881 0.7764562 0.9198424 1.4270264 0.2770678 2.2156937 0.9093703 2.7119280 1.1424409 0.9828145 2.8584973e-08 1.6076658e-07 0.8613902 1.1172493e-03 2.5005984e-02 0.8686008 1.1380828 0.8894126 0.9113191 5.3467631 1.3859147 0.5678774 0.2346630 0.7594361 1.7012603 1.0437095 1 1 0
PPE_ENS_236 0.3224770 0.5742060 1.0364098 0.6236205 1.1462971 0.4880806 0.5394466 1.6140290 1.0654059 0.4545445 1.7666548 0.9712578 2.6646994e-08 3.0028898e-08 0.6465517 2.0629311e-03 4.3222002e-02 1.2042792 1.2999415 0.8522999 0.9025802 1.9958466 1.7380866 0.5517365 0.1785785 0.8809021 0.8215857 2.5001349 1 1 0
PPE_ENS_237 2.1295062 0.3069633 0.7632867 1.7937687 0.9348721 1.6096148 2.4979915 1.2874006 0.9041222 0.3955649 1.8640491 1.0053987 2.9889021e-08 1.3914554e-07 0.8335879 4.8305241e-03 3.9042298e-02 1.8797729 1.5119326 0.9585625 0.7925132 6.7446101 0.7832948 0.7010506 0.1359820 0.8242380 1.6877172 5.1101212 1 1 0
PPE_ENS_238 0.5135947 1.8212546 0.7872529 1.7090849 1.5244159 1.9043450 0.7274779 3.7223237 0.9848414 1.4838167 2.1190847 1.0572579 1.7791904e-08 7.8630519e-08 0.5989800 2.9194127e-03 2.8699047e-02 0.7407143 1.3602233 0.9214108 1.0394898 2.1774159 2.0553577 0.3048800 6.8646233e-02 1.1407981 1.3105410 4.1673751 1 1 0
PPE_ENS_239 0.9769250 3.4625874 0.6259106 0.9669350 1.1776923 2.9574165 0.8330424 2.6085187 1.0510689 1.3722798 2.0489935 0.9475825 1.9450669e-08 7.9340675e-08 0.6191748 4.5743400e-04 9.1102806e-03 1.4681253 1.7183946 0.8083595 2.3892145 0.5949300 3.8824316 0.5310482 0.2479346 0.8504503 0.9316507 2.1757045 1 1 0
PPE_ENS_240 2.0729330 0.9506930 1.5424360 1.3095600 1.4166030 0.4708240 3.4899731 1.2173783 0.8538546 1.2282019 0.6016174 1.0420707 2.5927475e-08 1.2419868e-07 0.7666489 1.0743758e-03 2.6633812e-02 1.5671035 0.6328618 0.9791004 2.2951193 5.3190489 3.3829931 0.6956321 8.2521430e-02 1.0910412 0.9169811 0.6774367 1 1 0
PPE_ENS_241 1.3383033 1.3274540 1.2749997 1.1604222 0.9262977 3.5476327 0.5947785 3.5402268 0.8486159 1.6460100 0.7023833 0.9666830 1.7639710e-08 2.3020426e-07 0.5939899 6.1613480e-03 1.9454060e-04 0.8979548 0.9894332 1.1561695 1.9476490 0.3884530 1.1565689 0.6494898 0.1653130 1.0123929 1.1457814 0.1552267 1 1 0
PPE_ENS_242 0.5693799 0.5517295 1.4036355 1.2382489 1.1184829 1.7116840 0.7929995 0.3120039 0.9559165 1.4112933 2.8846154 1.0299481 3.2974141e-08 1.9271082e-07 0.7918345 4.7229007e-03 4.3700503e-02 0.8880228 0.8067027 1.0101788 1.3533034 4.8562471 0.7370296 0.7723864 5.0009462e-02 0.8894562 0.6083318 4.1457580 1 1 0
PPE_ENS_243 1.8551834 1.2736250 0.7617337 1.5149123 1.0376265 3.6217415 1.0601291 3.1178063 1.0216226 0.7303783 1.1181222 0.9063614 3.5920070e-08 5.5980553e-08 0.4597968 3.4058602e-03 3.5919489e-02 1.7047729 1.4351367 1.1906878 1.6262040 3.3311035 2.0735819 0.5650043 6.3952203e-02 1.2026279 0.5660494 3.3646154 1 1 0
PPE_ENS_244 1.9811532 1.5711461 0.8285254 1.0210625 0.9792316 0.4450084 2.0619761 2.1727559 0.8841051 0.6820677 0.8673935 1.0266807 3.1161390e-08 1.1469262e-07 0.4573710 3.6451111e-03 3.3604665e-02 1.7742007 1.3996634 1.1662930 2.0341781 2.1305083 1.6547599 0.4035002 0.1400764 0.9309892 1.3323051 3.4734446 1 1 0
PPE_ENS_245 1.8091861 1.2448708 1.4808396 0.8072939 0.7195161 0.4300824 1.3413022 0.6356447 1.0221524 1.8588253 0.4695994 1.0314170 4.0464990e-08 1.0936785e-07 0.3362566 1.8155304e-03 5.7547069e-02 0.8226638 0.5248869 0.9392024 0.3301310 1.5919649 1.9180489 0.7879558 0.2450696 0.9477160 1.6386840 2.8072056 1 1 0
PPE_ENS_246 1.9003843 2.6112150 1.3707899 1.1939254 1.4081721 1.7892077 3.1464693 2.3443789 0.9337100 1.7217923 1.9227483 0.9195241 2.2464434e-08 1.8847537e-07 0.7809644 2.0848824e-03 1.6353492e-02 1.5244832 1.2115821 0.9918276 0.9402432 4.1948953 1.7547963 0.3727829 0.1045900 0.8480690 1.5201825 4.6751005 1 1 0
PPE_ENS_247 2.5894602 0.3966270 1.4414363 1.2424258 1.3756813 3.7800136 1.3776843 2.4029215 1.0471560 2.2925105 0.3615448 1.0282143 1.5887740e-08 8.9448785e-08 0.3745374 1.9659305e-03 2.2349316e-02 1.8632306 1.8466230 1.1229353 1.7564345 7.8535120 0.5215893 0.6597908 0.2068174 0.9676079 1.9851837 4.6129843 1 1 0
PPE_ENS_248 1.1956767 0.5851097 0.7396593 1.3056767 1.4599075 2.1747294 3.9533234 2.8911544 0.9740218 2.0331621 1.1544226 1.0578255 2.6183259e-08 8.6584003e-08 0.6662837 5.9015114e-03 2.3312613e-02 1.0635852 0.8810402 0.8544885 0.3767441 4.0385839 0.8798530 0.4626871 0.2927796 1.2199702 1.4941803 1.3468598 1 1 0
PPE_ENS_249 2.6108348 1.9860416 1.3128450 1.4155535 1.0414121 0.3587384 1.1616476 0.9753870 0.9061843 1.6106428 0.9371742 0.9228784 1.8780878e-08 1.3719093e-07 0.3687895 7.6949723e-04 6.3877851e-02 1.5503382 0.6850217 0.9069877 2.4583971 1.0398910 2.9841203 0.6049563 0.1164821 1.0986527 1.7985056 4.0672099 1 1 0
PPE_ENS_250 2.2830263 1.0510414 1.3958821 1.4954030 1.5489697 0.5045561 1.6002849 3.0402603 1.0539285 1.5792394 1.6026058 0.9655260 2.5177832e-08 1.6882821e-07 0.8465768 4.4025986e-03 6.7179550e-03 1.3557137 0.9279739 0.7554963 1.0182956 3.6542633 0.5451276 0.6439661 0.1894727 0.7860391 1.5378193 2.1874690 1 1 0
