0 SCALE_EMI_DMS SCALE_EMI_SHP_SO2 SCALE_EMI_ANTNS_SO2 SCALE_EMI_ANT_BC SCALE_EMI_ANT_OC SCALE_EMI_BB_SO2 SCALE_EMI_BB_BC SCALE_EMI_BB_OC SCALE_FRICV SCALE_EMI_SS_ACC SCALE_EMI_SS_COARSE SCALE_SEASALT_EXPO SCALE_EMI_CMR_FF SCALE_EMI_CMR_BB BC_RAD_NI DU_RAD_NI OC_RAD_NI SCALE_SO2_REACTIONS SCALE_DMS_REACTIONS SCALE_WETDEP_IC SCALE_WETDEP_BC SCALE_DRYDEP_ACC SCALE_SO4_COATING KAPPA_SO4 KAPPA_OC SCALE_ACTIVATION SCALE_VERTICAL_VELOCITY SCALE_NUC_FT INSTALL START END
PPE_ENS_1 2.9169886 0.4587414 1.6350213 0.6945437 1.2684154 0.6804984 2.1779706 0.3547156 1.0325264 0.6174103 1.3836287 0.9179186 2.7799298e-08 2.2506138e-07 0.4944270 1.4530680e-03 1.3074770e-02 1.4902589 0.6645956 1.0559512 0.5731958 1.0054015 1.5505382 0.3246310 7.0455385e-02 0.8734701 0.6650946 1.8495795 1 1 0
PPE_ENS_2 1.3970007 2.8397680 1.7602432 1.2045878 0.8732077 3.0425883 2.4719828 3.1893622 0.9118379 2.3612514 0.7228569 1.0332500 2.3416179e-08 1.2974672e-07 0.5729274 4.0671464e-03 2.9721519e-02 1.6039793 0.9152924 1.0142491 1.3754163 0.6515771 2.0399092 0.3384362 6.0507377e-02 0.8217602 1.9526358 5.6865994 1 1 0
PPE_ENS_3 0.9273401 0.9602421 1.4646155 0.7966979 0.6212986 2.6983305 3.1107606 3.4967804 0.8861023 0.2307523 1.4580405 0.9102301 4.4373042e-08 2.1424611e-07 0.5897822 2.6910302e-03 6.5343820e-02 1.4037551 1.5923193 0.8784582 0.8091843 2.2271029 0.3999838 0.4429505 9.3426440e-02 0.9295697 1.0037729 8.7165220 1 1 0
PPE_ENS_4 1.7470440 2.1508488 0.6612696 1.4762350 0.6464184 2.7103958 0.2956772 1.8178876 0.9014403 1.5252307 1.7904950 1.0662180 2.6111136e-08 1.9141031e-07 0.5130955 2.4366918e-03 3.1131772e-02 1.3581435 1.2024339 0.9413755 1.4877790 5.8283876 1.8227953 0.7381233 4.5946512e-02 1.1964435 1.7199410 0.8921653 1 1 0
PPE_ENS_5 1.6152317 0.8950094 1.7053243 1.0924301 1.2957880 3.1962230 3.7890154 1.3668399 0.8564336 0.9165744 0.9047813 1.0627480 4.4948905e-08 1.0972784e-07 0.2495471 1.9892507e-03 4.8922161e-02 1.9737018 1.3460723 1.2045220 1.6291451 0.4987001 2.9770085 0.7078829 0.1204564 1.0523978 0.8060853 0.4511845 1 1 0
PPE_ENS_6 1.0896188 0.3265079 0.9124143 0.9366837 0.6436163 3.2921040 1.7714448 3.4312343 1.0695822 0.5002870 1.8213053 0.9989519 3.7959649e-08 6.0580940e-08 0.5796609 1.4237576e-03 1.3621763e-02 1.5907609 1.2545750 1.0683471 0.7549190 3.5949947 2.0110946 0.7805435 9.9684255e-02 1.2427722 1.2589044 2.4796490 1 1 0
PPE_ENS_7 2.3280725 0.2613974 1.5248325 1.7690137 1.7779651 0.9377801 0.8496843 1.0326605 1.0409738 0.9632465 1.8789132 0.9211739 2.4467330e-08 1.3492334e-07 0.6899802 1.8382747e-03 4.4109292e-02 1.6887113 1.9409462 0.8751381 0.5868323 3.8231270 3.6028047 0.7087814 0.1555376 0.9072528 1.7426034 3.1432026 1 1 0
PPE_ENS_8 2.0903941 1.6268211 1.2300112 1.3981227 0.8037740 3.6367767 3.2563313 2.6201111 1.0556393 0.6527116 2.2191595 0.9974102 3.0937723e-08 8.5051638e-08 0.6490573 4.5737228e-03 1.3359059e-02 0.5127615 1.3566929 0.7717185 0.5396527 0.3540088 1.7924391 0.7944619 6.1987199e-02 1.1719604 1.3083395 3.2683820 1 1 0
PPE_ENS_9 0.4006899 3.8069404 1.2947435 0.7535868 1.6709798 1.3024473 1.7038478 3.6093516 1.0798757 1.9420789 2.5015066 1.0747775 2.7499160e-08 9.0245927e-08 0.3916853 5.6360574e-04 3.3305253e-02 0.9020943 0.7410691 1.1120709 1.9336029 0.4135798 3.1847437 0.3310316 0.1967550 0.9946646 1.5681444 4.6864547 1 1 0
PPE_ENS_10 2.2228319 0.7963124 0.7510661 1.5625728 1.2262142 3.8429600 3.1422569 2.4157303 0.9890724 1.3181234 1.6255906 0.9160175 3.5670009e-08 1.5412102e-07 0.6333642 5.2600476e-03 1.7646687e-02 1.4553716 1.7476816 1.0993738 1.0902120 5.4682875 0.4245852 0.5623103 0.3473317 1.2070529 1.6189202 2.9214771 1 1 0
PPE_ENS_11 0.8425372 1.1776237 0.6679571 1.5954921 1.4499555 2.9190108 0.7390229 2.5474294 0.8945718 2.5749948 2.1032072 1.0739994 2.1319478e-08 4.9748466e-08 0.7442423 8.2363181e-04 2.5244992e-02 0.8954049 1.4122923 0.8440878 1.4165195 2.3336790 2.0989164 0.4883700 9.5363560e-02 1.1532530 1.5619981 0.3473308 1 1 0
PPE_ENS_12 2.2113989 0.5050914 1.1480417 0.9244674 0.9448621 2.2960592 0.6309828 0.3984640 0.9756613 0.7608485 1.5715869 0.9874612 2.4183701e-08 5.0913503e-08 0.6742055 3.6547256e-03 5.5708172e-03 1.6865661 1.8295597 0.8977627 1.2300004 0.6694648 1.5172386 0.4347783 0.2158943 1.2359687 1.2985578 0.2671695 1 1 0
PPE_ENS_13 1.7162801 0.2762707 1.5363622 0.6519689 0.6808190 2.9848333 0.2551848 2.7002510 0.9998020 0.6853548 2.0616126 1.0959751 3.3740809e-08 3.2452080e-08 0.5035534 2.1886874e-03 1.8576130e-02 1.1972981 0.7662214 1.0298032 0.9642500 0.7453324 0.9434038 0.5942274 2.0279112e-02 0.8442792 1.4290207 2.0031234 1 1 0
PPE_ENS_14 1.5833194 2.5172490 1.1885631 1.0407032 1.4543400 0.4106691 2.9032582 3.8220251 0.8658116 1.4929517 1.6683249 1.0547054 4.4225144e-08 1.5858317e-07 0.5639817 1.1717643e-03 4.0762076e-02 1.2517141 0.5771841 1.2317280 1.5780506 1.6218312 1.0195228 0.3098100 0.2273500 1.2492893 0.5781147 3.4010207 1 1 0
PPE_ENS_15 2.3999041 1.2414829 1.5172230 0.6056587 1.3202141 1.0337020 1.2169648 3.6298239 1.0295652 1.9726269 1.6595144 0.9431391 2.8933254e-08 7.6578604e-08 0.7728841 7.0726651e-04 2.0344265e-03 1.0840083 1.1059400 1.2232400 1.1564163 2.3610203 1.3393725 0.5150868 0.1538981 0.7991627 0.7688515 1.4905200 1 1 0
PPE_ENS_16 2.1813071 1.1553340 1.6470642 0.6093167 1.8090783 0.3947738 3.4395223 3.0726656 0.8672756 0.4866982 1.8595408 1.0409999 2.4581061e-08 3.7658398e-08 0.7040492 3.5301581e-03 9.4781644e-03 1.2744791 0.9235389 0.7587604 1.2740177 4.6496197 1.1205802 0.5755919 0.1421949 0.8797909 0.9921981 0.2358951 1 1 0
PPE_ENS_17 0.3719658 2.6585232 0.9219922 1.1760151 0.8857474 2.0759782 3.2119513 1.4475402 0.8683094 2.3398629 0.4937071 1.0511319 3.4289331e-08 6.8383941e-08 0.5576975 6.2631256e-04 4.1290999e-02 0.6837100 1.2361616 1.1513350 1.9607594 1.4519634 2.4210292 0.3537936 0.1551185 1.1369274 1.1003489 5.5639603 1 1 0
PPE_ENS_18 1.4383288 2.9996672 0.7044778 1.2952543 1.4985116 3.2122469 2.6469680 3.6468327 1.0231785 1.8498102 2.3810328 1.0773498 2.6850786e-08 7.9787568e-08 0.6874549 3.4595658e-03 6.2475416e-03 1.0294807 1.6934481 0.9808571 1.3966195 1.4837407 1.2468001 0.3666100 0.1666501 0.8147532 1.7167371 3.9850361 1 1 0
PPE_ENS_19 2.2713090 1.9804905 0.6062917 1.1081060 0.8317668 1.9773888 1.8812738 1.9763772 1.0085621 1.0311451 0.9094177 0.9449573 3.0373374e-08 7.4743046e-08 0.8244407 3.1598462e-03 2.0364824e-02 0.7233624 1.2226738 0.9678061 1.2448514 3.4210886 2.7209362 0.5493727 0.2646111 1.0417501 1.8065325 0.5354427 1 1 0
PPE_ENS_20 2.7221772 2.2969912 0.7233786 1.0837822 1.2129099 3.3802662 2.2187898 0.7637146 0.9214882 1.7608633 0.5560064 0.9602769 3.5037540e-08 1.2453076e-07 0.5836047 5.6669607e-03 3.5194993e-02 1.8125127 1.8783607 1.0565232 1.4616238 2.3430284 2.4037934 0.4144486 8.3854287e-02 1.1880636 0.6037389 1.6974974 1 1 0
PPE_ENS_21 2.8868657 1.7571243 0.9357880 1.1131346 0.7718717 3.5297787 0.9613647 3.6217989 0.9649775 1.3470491 0.7929517 0.9775428 2.3962616e-08 3.8935030e-08 0.5651337 4.5268788e-03 2.0045596e-02 0.7593495 1.6154878 1.0090935 0.3563171 0.4378486 2.8977180 0.5468761 5.9497085e-02 0.8413495 1.9404809 5.8808586 1 1 0
PPE_ENS_22 2.1663911 0.7986125 1.2542464 1.3879203 1.3516973 2.0367121 1.2936450 1.6718915 0.8880020 1.1153343 1.8394530 1.0818588 3.2004990e-08 1.8732495e-07 0.7056859 8.6172782e-04 1.7125135e-02 1.1909044 1.3371645 1.1168116 1.0692959 2.1632146 0.4886780 0.3446221 0.1212824 0.9115434 1.5052534 1.2540660 1 1 0
PPE_ENS_23 2.3154135 2.8179644 0.8420218 0.6631973 1.3303592 0.3080518 0.3654701 0.4978577 0.8607710 1.2379794 2.5592921 1.0430265 3.0332397e-08 7.2134963e-08 0.5046572 7.1688161e-04 3.9829291e-02 0.7048134 1.4554957 0.9842388 0.6556723 1.7396963 3.2264688 0.7021722 2.4848938e-02 1.0456798 0.6607625 4.7627274 1 1 0
PPE_ENS_24 0.7641120 0.9211823 1.1225819 0.7736378 1.5426161 2.8086621 3.0710324 3.9985727 0.9616758 1.6997572 2.2458843 0.9798722 2.0533399e-08 1.1280376e-07 0.7645351 1.6815431e-03 7.6792101e-03 1.4067041 0.7206722 1.1296004 1.4207542 0.1183573 1.4110823 0.6602477 2.7507630e-02 0.9733729 1.9784950 1.7795942 1 1 0
PPE_ENS_25 2.4737404 1.5003942 0.8484846 0.8321470 1.7028006 1.4755783 3.6642700 3.2185882 0.8750135 0.8537167 0.6565834 1.0173366 4.3253863e-08 1.0567770e-07 0.6577359 1.3006041e-03 1.8288990e-02 1.2588171 1.8521650 1.1819187 1.4742301 2.4515834 0.3795682 0.6249875 0.1675500 1.0965786 1.2033943 1.3222817 1 1 0
PPE_ENS_26 0.2695714 3.2617654 0.9672029 1.8088608 0.6898372 3.5778817 1.5372195 0.3817693 0.9596890 1.0966398 1.1731709 1.0063859 3.6466586e-08 1.1396826e-07 0.3894159 2.4954930e-03 3.2629084e-02 1.8311104 1.2462739 0.9746040 0.8372520 3.5506279 1.8889262 0.4926090 4.8058417e-02 1.1317786 0.5893927 2.7904598 1 1 0
PPE_ENS_27 0.9084352 0.9704127 1.5894944 1.1387339 0.6655178 3.5975143 2.7232622 3.9743960 1.0355429 0.7917123 1.2465578 0.9832804 4.1356928e-08 1.3557285e-07 0.6410755 2.2348871e-03 1.9507364e-02 1.5195431 1.2671158 1.2241438 0.7353964 3.0111740 0.5875978 0.4475173 5.4456167e-02 1.0871473 1.9042066 1.5106793 1 1 0
PPE_ENS_28 2.3266951 2.1329083 1.4869515 1.1866250 1.0091868 1.2276930 2.8315024 0.4065826 0.9947262 0.5143691 0.7430705 1.0247101 1.7946343e-08 1.2954306e-07 0.5198025 2.0169338e-03 2.5950865e-02 0.5903595 1.0329829 0.7817990 1.9775145 3.6063453 4.5579967 0.3544731 0.2279617 1.1741647 1.7678157 4.9091029 1 1 0
PPE_ENS_29 0.3548801 0.6777438 1.3226371 0.7408522 0.7906167 3.3496438 2.8883421 2.5425154 0.9114528 0.5484878 2.7015093 1.0439211 2.0739295e-08 1.1052247e-07 0.3725163 2.6406977e-03 5.4474150e-02 1.0487359 0.9459197 0.8398168 0.6090896 1.3691949 3.7023133 0.3519891 5.9966713e-02 1.0648428 1.5803042 1.8633641 1 1 0
PPE_ENS_30 1.5205445 1.1030727 1.1950335 1.4463935 1.8246444 0.5115222 0.5506322 0.7555507 0.9570349 0.3442943 0.4120046 0.9264355 3.5872799e-08 1.2792126e-07 0.7187720 1.6043452e-03 5.5051545e-03 1.6767933 0.5562060 0.8012596 1.8308294 2.8775871 0.8394269 0.4210555 0.1644262 0.9389003 0.8590374 4.3601597 1 1 0
PPE_ENS_31 2.7886598 0.7811790 0.6812775 0.9528018 0.6110959 3.0996427 3.7568001 3.6919034 1.0431393 0.3421255 1.6404348 1.0616657 3.7123985e-08 8.2998474e-08 0.6778262 1.9382001e-03 1.6876325e-02 0.9624456 1.9642883 0.9484645 1.6458013 2.9762171 1.8282499 0.4404975 7.3209911e-02 1.1766898 0.7848875 2.0866297 1 1 0
PPE_ENS_32 1.0140038 2.7177618 1.6157833 1.4827233 1.1750754 2.3853919 1.3540335 3.3291088 0.9209746 2.5438509 0.5155906 0.9500308 1.7099923e-08 1.2140904e-07 0.6157602 6.5328870e-04 3.1725916e-02 1.4444692 1.3644312 1.1435337 1.9827003 0.7533458 4.1338962 0.3680981 0.2041745 1.2214964 1.2262825 4.3816864 1 1 0
PPE_ENS_33 1.7023404 1.4343364 1.1184956 0.9164292 0.6942959 2.2687979 1.6517523 2.6652444 0.9516110 1.9310028 0.5257877 0.9537517 3.3122216e-08 9.7155276e-08 0.5271062 4.6478999e-03 5.1460068e-02 0.5373212 1.6983061 1.0161845 2.0234558 0.8316553 2.3533523 0.4573668 0.1841560 0.9331873 1.2353384 1.5663892 1 1 0
PPE_ENS_34 0.5947511 3.2987240 1.5714844 1.2656045 0.7484325 0.6349404 3.5249945 0.6417199 1.0097928 0.4405815 0.9800028 0.9064366 2.7627098e-08 6.5067578e-08 0.7590888 3.4966312e-03 5.0449819e-02 1.6449162 1.1712866 1.1274743 1.1213208 1.7857727 2.1634882 0.6239555 7.5826313e-02 0.8050857 1.8925652 4.2389446 1 1 0
PPE_ENS_35 2.1837206 2.3234933 1.3691458 1.2913250 1.3951228 1.1539135 0.9866808 1.1341019 0.9967999 1.4700275 2.0119334 1.0531773 1.6489769e-08 1.4999491e-07 0.2179416 4.1114288e-03 7.3646002e-02 0.9505273 0.7778017 1.0630022 2.3511938 3.8888806 1.9816232 0.7407614 6.9477452e-02 0.9648860 1.3954597 2.4307325 1 1 0
PPE_ENS_36 1.7389469 1.4023042 1.1657886 1.4403877 1.1579274 1.2940139 2.1627964 1.7711588 0.8866290 2.1408115 1.4441018 0.9569051 3.1814068e-08 1.6206011e-07 0.7530944 2.4423696e-03 2.4338175e-02 1.2633611 0.8685701 1.0432557 1.6873172 4.4027548 3.9883190 0.7427967 0.1378575 0.8388320 0.6466839 3.1206658 1 1 0
PPE_ENS_37 0.7087649 0.9422132 1.2708695 0.8347395 1.6495055 0.3449125 2.5803269 1.0751477 0.9585621 1.0754698 0.8214346 1.0939257 4.3559241e-08 9.6610561e-08 0.4317205 3.9268088e-03 3.7499023e-03 1.0343021 0.5362809 1.2272012 0.9159796 4.5708349 2.6827261 0.6525829 0.2517844 1.1130908 1.1075065 0.7502273 1 1 0
PPE_ENS_38 1.5473694 0.8778142 0.8065217 1.5401742 1.0854428 3.9503145 0.9729565 2.7251383 0.9501559 2.6446865 1.0788690 1.0983193 3.4587057e-08 9.0790937e-08 0.6215569 1.6435751e-03 4.4577442e-02 1.5823025 1.4395673 1.2079549 2.4880307 3.8591849 0.9009266 0.6411351 0.1806114 1.0281051 0.7778056 0.1681388 1 1 0
PPE_ENS_39 2.3852539 1.3740864 1.8872355 0.8151732 0.7068735 3.9610936 2.3922136 2.3756214 0.9000874 1.5603464 0.3343934 0.9681733 3.6314064e-08 1.3443039e-07 0.6731741 2.2728838e-04 1.7414863e-03 1.2732494 0.8227899 1.1102958 0.4736264 1.7148904 1.6744155 0.3489643 0.1870870 1.2163739 0.6768813 0.5128001 1 1 0
PPE_ENS_40 0.7920041 1.6740206 1.3878883 0.7037493 0.8374117 3.3110065 1.2454390 0.2618815 1.0452041 1.3133308 2.0926132 1.0727594 2.3697581e-08 2.0970925e-07 0.8217592 7.2770293e-03 2.7425722e-03 1.9245041 1.5078080 0.9256803 1.3809598 0.9372216 2.3177510 0.5341184 0.1752098 0.9579290 0.7500074 4.7342416 1 1 0
PPE_ENS_41 2.8097613 2.4230314 1.3440363 1.0134807 1.3687390 1.1055537 2.5588175 3.0864221 0.9662785 0.8114884 1.2728613 1.0814615 1.9124581e-08 6.0906404e-08 0.3561503 2.3588112e-03 2.7668399e-02 1.3100645 0.5693756 1.1549578 1.2799551 2.4090526 0.6707044 0.3812261 0.1888079 0.8106998 1.4055460 0.4736382 1 1 0
PPE_ENS_42 0.4063365 1.0317713 0.7471572 1.7376787 0.8380338 3.6411326 1.6323264 0.6231754 0.9505411 0.5082621 2.0597399 1.0798613 2.4753239e-08 1.2327912e-07 0.4607688 1.2889628e-03 2.0845764e-02 1.5971830 1.1649085 0.7968548 0.4360341 2.7883758 1.1904337 0.5209546 0.1494698 0.9815136 1.5190160 1.0145438 1 1 0
PPE_ENS_43 2.2016896 1.5738188 1.0143653 0.8835982 1.0657642 3.7971028 3.7199813 0.4741189 1.0389633 1.3607772 1.3350162 1.0518307 3.4687235e-08 5.9429627e-08 0.7725037 4.4738809e-03 1.9021418e-02 1.2370336 1.1207778 1.2149108 0.7200277 1.8788794 2.2069640 0.4643422 3.9804234e-02 0.8553137 1.7527783 3.2271802 1 1 0
PPE_ENS_44 2.3430052 2.1085999 1.9017127 0.6160314 1.7364741 2.7623532 0.7704146 3.7733715 0.9086198 2.2360641 2.4971054 0.9386110 1.8948730e-08 3.8322789e-08 0.3485025 5.2977678e-03 3.0586750e-02 0.6980267 1.7148542 0.8293246 1.2231333 2.9548659 0.6139226 0.7133578 2.8686081e-02 0.8421317 1.5866909 1.4345283 1 1 0
PPE_ENS_45 2.4318102 1.3619602 0.6897500 1.0708228 1.2383047 1.7694213 3.8068737 2.5683624 1.0140023 2.2869355 2.1761570 0.9152960 3.7035575e-08 6.4002759e-08 0.7629381 5.1862599e-04 1.9154250e-02 0.6079094 0.9528833 0.8669904 1.8651408 5.9698302 3.4731502 0.4542795 0.1966146 1.0054407 0.6934827 5.7561654 1 1 0
PPE_ENS_46 1.5027053 2.3779758 1.2000530 1.1683072 0.7846766 2.8724104 0.8677377 2.7150163 0.8758480 1.7690416 1.0352420 1.0541169 3.1566161e-08 1.6314176e-07 0.5098491 2.3943953e-03 2.2706229e-02 0.9842671 0.8650011 1.0458667 1.6143532 1.1875007 0.5050787 0.3898977 9.4012316e-02 0.7738018 1.6940474 1.4637533 1 1 0
PPE_ENS_47 0.6124725 2.2548082 0.9856142 1.1031617 1.0746626 1.0605431 3.6424370 1.2263200 0.8763138 1.6241125 1.2882406 0.9609763 4.1104841e-08 1.6652409e-07 0.3202664 1.1450557e-03 4.5799725e-02 1.1498841 1.7651588 0.9528070 1.5329555 4.2308259 2.6373451 0.4756066 0.2397997 1.1334099 0.6513132 5.3120066 1 1 0
PPE_ENS_48 1.4173613 3.3379107 0.7311946 1.5658431 0.7368099 0.7704647 3.3213666 2.0813422 0.8697676 1.7450584 2.2637472 1.0178167 2.7344176e-08 1.1855814e-07 0.2684703 2.1567056e-03 4.7384700e-03 0.6533388 1.0099028 0.9199236 0.3888147 3.3723700 2.5847033 0.4726113 0.1689379 0.9237506 1.0688085 4.9159507 1 1 0
PPE_ENS_49 2.6621965 1.3477223 0.9552704 1.2745776 1.2739620 1.1249892 3.3739009 3.5723238 0.8556446 2.7467907 1.9836773 1.0790221 3.1529691e-08 1.5145276e-07 0.6014682 4.0062399e-04 3.3945777e-02 1.8354471 1.7534580 1.0720389 2.5213284 1.8118863 2.8264647 0.7717860 4.5519016e-02 1.0796116 1.0374595 3.1257519 1 1 0
PPE_ENS_50 2.8423751 0.7230687 1.4439756 1.8431642 1.1318173 2.1392506 2.7806038 2.8317137 0.9677010 0.8768261 2.6799755 0.9136556 2.0216305e-08 1.2873946e-07 0.4431252 3.3168289e-03 4.7982122e-02 1.7230431 1.5629631 1.0405482 2.0117780 6.2507518 3.4907082 0.6203254 7.1054156e-02 0.9344004 0.7431343 2.0681506 1 1 0
PPE_ENS_51 0.4915438 1.0922259 1.6911760 1.6250834 0.7611173 1.5688782 0.4602681 2.4470199 0.9737677 2.4345764 2.3489247 0.9994865 2.6493519e-08 1.9855366e-07 0.8256859 2.7750891e-03 6.7803259e-04 0.6771850 1.2314711 0.7643180 1.3247943 2.5061869 2.7898921 0.7183640 0.1737676 1.2393634 1.6610743 8.0079860 1 1 0
PPE_ENS_52 2.2441338 2.0051181 1.2224063 1.4864776 0.8144248 3.1115972 3.0200869 1.8316442 0.8550393 1.8423663 1.3500492 0.9981301 4.3133604e-08 5.4340602e-08 0.5532468 2.7156209e-03 1.8417530e-02 0.6399614 1.2772761 0.9982052 1.1273173 4.9464194 2.6494200 0.4321980 0.2292246 1.1185091 0.8673338 2.3343601 1 1 0
PPE_ENS_53 0.5486250 0.5936979 1.6955794 0.8180046 1.0125899 2.8563778 0.6557778 0.2907648 0.9768386 2.1613389 1.5431807 0.9115617 1.5253216e-08 8.3933579e-08 0.5212865 2.2079723e-03 3.5621980e-02 1.9537611 0.5206828 1.0709459 1.1496143 0.9887145 1.6426164 0.4715553 0.1349834 1.1506974 1.3805436 3.8535590 1 1 0
PPE_ENS_54 1.0981885 1.6830009 1.5463457 1.1794683 0.8779510 2.1037676 1.1101571 2.8459010 1.0332428 2.6661089 2.4654198 1.0673080 1.9658755e-08 1.3838768e-07 0.3456817 5.2036965e-03 3.4380818e-02 0.7809378 0.8946287 1.1053912 0.7830827 7.6137893 3.5617856 0.5199292 5.5205804e-02 0.8702075 1.4453342 2.2430445 1 1 0
PPE_ENS_55 1.8454868 1.7767840 1.4698817 0.8229514 1.2873199 3.2363533 0.8962060 3.7758137 0.8575947 0.6631088 1.0578355 1.0486537 2.6294091e-08 1.3191205e-07 0.5781930 4.9541428e-03 2.9600903e-02 1.3860803 1.3197699 1.1374816 0.6215523 2.8424270 1.2528275 0.4076264 3.7762539e-02 1.1299783 1.4718109 5.6249638 1 1 0
PPE_ENS_56 1.4567992 2.4611083 0.9324464 0.8727817 1.8403375 2.3181619 3.8808239 1.4962081 0.9441009 1.9657058 0.4825340 1.0222101 2.2217611e-08 3.5818224e-08 0.7990381 3.0242727e-04 1.2734892e-02 0.7308793 1.3233922 0.9540249 0.5238766 0.4853650 3.3068762 0.6506718 0.1914475 1.1628005 1.0995265 5.4780778 1 1 0
PPE_ENS_57 1.2164357 1.8308595 0.9959713 0.6986758 0.7257774 2.5879440 1.6816763 2.8007943 0.8691398 0.6264274 0.2885751 1.0869231 3.3108759e-08 5.7197962e-08 0.5464335 5.0233137e-04 4.9934838e-02 1.5372109 1.1814010 0.8808407 0.7072641 2.2728152 3.8117683 0.7448484 0.2766110 0.8533403 0.9414573 3.3791087 1 1 0
PPE_ENS_58 1.9091625 0.3613831 0.8801162 1.0505308 1.6154241 1.1992138 3.4562776 1.1741747 0.9328650 0.9276608 0.4300416 0.9782022 1.9859582e-08 8.6024979e-08 0.7022902 1.7789983e-03 3.7826038e-03 1.1327920 1.3308938 1.1864291 1.0215807 0.1554968 1.4999990 0.4297395 3.0959255e-02 0.8135733 1.4760866 2.7637794 1 1 0
PPE_ENS_59 1.2717835 1.6434464 1.3487669 0.9507578 1.3417476 3.2779099 1.9837225 0.5207297 0.8804410 0.7514370 0.9985949 1.0494978 4.3977274e-08 4.6408522e-08 0.6250077 5.8214594e-03 3.7543494e-02 0.8032249 1.7899799 1.0951083 2.1488285 5.7919458 0.8281464 0.3779604 0.1485930 1.1699580 1.7813035 3.3338298 1 1 0
PPE_ENS_60 0.8304433 3.1671121 0.6123512 0.9808644 1.3321714 1.9731960 3.4726434 1.5172279 0.9436894 1.6307201 1.2214749 0.9617501 3.3508130e-08 4.7016477e-08 0.6993211 1.6277668e-03 2.3911744e-02 0.8467233 0.7142414 0.8564082 0.4958247 0.2995496 1.3186042 0.5434560 0.1794246 1.2153530 1.7290795 1.1729139 1 1 0
PPE_ENS_61 1.5994964 0.2861399 1.4336965 1.2476405 0.8600598 3.0703233 3.6016764 2.1661674 0.8636342 0.8377599 1.6807387 0.9120497 3.9418455e-08 5.8360055e-08 0.2625718 1.9195704e-03 8.1823035e-03 1.3043959 1.3881643 1.0035570 1.9107035 1.5556273 2.5170981 0.4188787 4.1383097e-02 0.9853829 0.8168882 3.7429935 1 1 0
PPE_ENS_62 0.5202333 0.6980100 1.2073443 1.0579084 1.7164030 2.1501291 2.9273268 2.7897576 1.0673597 0.3772694 0.8440247 0.9586915 2.1377176e-08 1.5708086e-07 0.5699306 3.2564469e-03 2.7109290e-02 1.9850462 1.3721676 0.9630578 2.0615609 1.3017595 1.0341795 0.3756796 4.8548511e-02 0.8031922 0.7742487 4.3335073 1 1 0
PPE_ENS_63 1.1239058 0.6202153 1.2435702 1.5564071 0.7700093 2.8397727 1.7990631 1.9199666 0.9863389 2.0949778 0.6368750 1.0073005 4.0115841e-08 1.6637016e-07 0.5303242 4.3769239e-04 9.5946148e-03 1.7512861 1.6661077 1.0042251 0.8965847 4.7338345 1.6281942 0.5978023 6.7205442e-02 1.1208973 1.0112884 2.7422745 1 1 0
PPE_ENS_64 2.9831519 0.7597332 1.5788885 1.0487389 1.1381368 2.0263730 2.2886586 2.1111574 0.9829434 2.3117903 2.3392504 0.9909019 2.8854650e-08 8.2529831e-08 0.4777498 1.5274463e-03 7.8425209e-03 1.1562878 1.8917716 1.0975148 1.0444680 1.6563261 1.8761195 0.6567269 0.1772602 0.9059680 1.5766538 1.3538125 1 1 0
PPE_ENS_65 1.2284286 2.1007469 0.8409643 0.8654660 1.4372731 1.5868326 1.9731882 3.2857244 0.9531833 0.5511117 0.3157795 0.9491760 4.2776015e-08 1.1991467e-07 0.7490679 1.0272573e-03 1.2101754e-02 1.0562472 1.3809508 1.1683948 2.3314178 2.0858236 1.5048182 0.7587808 0.1709371 1.0694169 0.7272063 2.2482368 1 1 0
PPE_ENS_66 2.1024062 2.7867047 0.8971240 1.7388082 1.3804862 2.5032431 2.3586558 3.2502678 0.9379873 0.8093607 2.2879511 0.9954909 2.4114307e-08 1.6941089e-07 0.4672024 6.3194846e-03 1.3902274e-02 1.9379661 1.0759070 0.8159845 0.8698640 7.4145847 2.4670235 0.5135570 0.1301672 0.9274145 1.1171905 1.6402938 1 1 0
PPE_ENS_67 2.7605360 2.3473347 1.2601519 0.6786498 1.3739477 1.4831240 3.3621985 2.9959932 0.9989638 1.3954030 0.5716993 1.0163425 3.5146008e-08 1.9474846e-07 0.6200350 1.0140169e-03 1.5510876e-02 1.3019803 1.4926185 0.7949482 0.7535056 2.0901095 0.7258479 0.6708772 0.1293350 0.8377658 1.0274710 7.1592726 1 1 0
PPE_ENS_68 2.6844369 1.4441552 0.7965689 1.6875198 1.6161416 3.4276874 1.5414148 1.3907325 1.0039717 0.5361572 1.7248424 1.0876367 4.2543016e-08 9.2687489e-08 0.4144224 2.7482014e-03 1.4555415e-02 0.5602886 1.6075026 0.8161844 1.1314236 6.4944491 3.0411314 0.3607715 0.1855080 1.0933553 1.0900552 3.0171817 1 1 0
PPE_ENS_69 1.4899811 0.5421409 0.8108518 1.7999346 1.2856966 3.8773801 0.4593570 2.7647683 1.0547741 0.2844198 0.3977977 0.9482393 3.0101676e-08 1.0086664e-07 0.5809666 1.0716821e-03 3.3047963e-02 1.8486532 1.6183262 1.2498196 1.4762010 5.2824053 2.8803139 0.3926442 0.1562726 0.8941160 1.8790895 0.2975584 1 1 0
PPE_ENS_70 1.0788112 0.8873636 1.1847172 0.6661153 0.8871286 3.7125207 3.2838873 3.7318062 0.8722114 0.4222898 0.3268815 1.0713591 3.2315511e-08 1.7735830e-07 0.4410677 2.3103721e-03 2.8151978e-03 1.0645867 0.6500557 0.8586090 1.8937606 2.0369490 1.1117201 0.4088273 6.4448161e-02 1.1233990 1.5507688 6.4463985 1 1 0
PPE_ENS_71 2.0651038 1.9640729 0.6170714 1.6630219 0.7350410 0.5521072 2.6772113 2.2122737 1.0191567 0.7128087 0.5359884 0.9298277 4.2857904e-08 6.9580913e-08 0.7363480 2.8620119e-04 7.4194975e-03 1.8739992 0.7568020 0.9363514 1.3574064 3.4592644 0.4664801 0.4392082 0.1120168 1.1041510 1.8711061 5.5576560 1 1 0
PPE_ENS_72 2.9276314 0.9765515 1.7462778 1.1821036 1.5119399 2.3705965 3.6790091 1.2018592 1.0584366 0.9086626 0.8167710 0.9413322 3.2411849e-08 6.3316787e-08 0.8350119 2.4597213e-03 7.2430334e-03 1.0224483 0.5834816 1.0889931 1.5462404 4.7987024 2.3052108 0.7206790 0.1633824 0.7748683 0.6181994 2.9829086 1 1 0
PPE_ENS_73 0.7759942 0.3706751 1.5612852 0.9885533 0.8595175 2.4477877 3.0039666 3.6612704 0.8511767 0.2459165 0.3739551 1.0921490 2.3615506e-08 4.3009369e-08 0.6093050 3.6027746e-03 3.6870338e-02 0.8305331 0.9953802 1.2080933 1.6971749 0.7094528 0.3496826 0.6790451 2.9939307e-02 1.0433278 1.3168648 0.1054582 1 1 0
PPE_ENS_74 0.9311777 2.9557519 0.7338850 1.1530343 1.0585619 2.6894833 3.5062712 1.3062113 1.0022640 0.6105258 1.7864181 1.0081829 1.6168404e-08 1.5114968e-07 0.7977604 6.0661243e-03 3.2209932e-02 0.9129611 1.4767657 1.0675311 0.6590405 5.6624124 1.0882840 0.5709326 0.1858177 1.0206984 1.1867719 0.6698105 1 1 0
PPE_ENS_75 1.3426129 1.2177291 0.7693974 0.7906298 0.8423627 2.7291166 2.7590746 3.4458181 0.9278436 0.5244939 1.8949389 1.0587514 1.6852325e-08 8.2007212e-08 0.3005919 2.8235874e-03 2.8104694e-02 0.5803362 1.9981696 0.8462678 0.6803211 4.3735780 2.2282699 0.6442477 4.4280376e-02 0.9712681 0.8426838 1.0701982 1 1 0
PPE_ENS_76 2.0228717 2.7468228 1.3055954 0.8546022 1.1201381 1.3967198 1.0263783 3.7034702 0.9613028 1.6604786 0.6861138 0.9399280 2.1685907e-08 7.0077597e-08 0.5329661 4.9452791e-03 1.9671639e-02 1.7348092 0.8400558 1.0318518 0.9741308 2.0579870 1.8380349 0.7698457 8.6023275e-02 1.0549574 1.1237390 8.0352373e-02 1 1 0
PPE_ENS_77 0.4881351 1.2946570 0.6302016 1.6032101 1.2731469 0.8864153 3.0680100 1.0017821 0.9320628 0.6452497 2.0010686 0.9675745 3.1710285e-08 1.4311473e-07 0.6534001 4.6331283e-03 2.6153718e-02 0.5668626 1.0276065 0.8054253 1.4555673 4.1754137 3.0309413 0.4984667 0.1988499 0.9895650 1.2400536 0.5469850 1 1 0
PPE_ENS_78 1.6541616 1.1313460 0.7983060 1.2287322 1.3025529 2.2405287 0.2869639 1.8478542 0.9238015 1.6772044 0.7484316 1.0904079 3.8963515e-08 1.1878468e-07 0.6377921 2.7889441e-03 3.1850107e-02 1.3331738 1.6333728 0.8872530 2.4353904 1.2409437 3.7813821 0.4678791 0.1701466 1.1725768 1.1608103 1.6650495 1 1 0
PPE_ENS_79 1.5307981 1.4940182 1.1300835 1.4509437 0.7546285 1.2124061 2.1179737 2.8609038 0.9933708 0.8675737 1.8012008 0.9529634 3.2572456e-08 1.4936095e-07 0.3100122 3.7353998e-03 3.8521842e-02 1.3998098 0.7715705 0.7624417 0.4492213 1.9169726 1.9408615 0.5591997 3.6685170e-02 1.1164450 0.9485542 1.8981780 1 1 0
PPE_ENS_80 1.9561556 1.7220819 1.6225121 1.0700248 1.1432182 1.7383929 1.0430630 1.7628041 1.0281085 1.2653297 1.3588806 1.0093562 3.6863091e-08 4.5511195e-08 0.4496694 3.2016602e-03 1.7397916e-02 1.8210783 0.5046147 0.8704471 1.1904128 0.7969633 0.4319701 0.3633242 9.1532006e-02 0.8178233 1.5003259 3.2337870 1 1 0
PPE_ENS_81 1.0330225 3.0852485 0.8560929 0.9422492 1.4891411 3.4452167 1.9418054 1.1167479 0.9370983 1.1902362 1.4201395 1.0835108 3.9248703e-08 1.0527127e-07 0.4875432 3.3533807e-03 2.5804249e-02 1.7633202 1.1350071 1.1972344 1.0618418 3.1387949 4.0224721 0.5222845 0.1087605 0.8266638 1.9370879 7.3814384 1 1 0
PPE_ENS_82 1.0541767 1.5562746 1.4063960 1.0254379 0.9902319 2.8803990 3.2431593 3.5170530 0.8613777 0.4509923 0.8917522 1.0189696 3.7548144e-08 3.9399539e-08 0.6064500 9.1215566e-04 2.8006757e-02 0.7758527 1.6790371 0.8226666 1.5569925 3.3414459 3.0925780 0.6760721 0.1233813 0.8062094 1.8153574 1.5487518 1 1 0
PPE_ENS_83 2.3539821 0.5090072 0.6758461 1.4340543 1.5750065 2.2074412 2.7876413 2.0469080 1.0463083 1.0167696 1.0295101 1.0065479 2.3168099e-08 3.0754706e-08 0.7250766 3.5629215e-03 3.0020842e-02 0.5429551 0.6299027 1.1020947 0.9582796 4.4729034 1.9640225 0.6624011 3.6414568e-02 1.1497819 1.4138860 5.3971461 1 1 0
PPE_ENS_84 2.1439644 2.6283078 1.3998094 0.6813175 1.5626010 2.3470275 2.2371824 0.7029497 1.0035975 1.1167272 2.1972147 1.0202592 3.3885336e-08 3.3850548e-08 0.8312102 2.8094916e-03 6.8129769e-03 0.9597290 1.5903663 1.0223658 2.2023099 3.7020319 0.5711215 0.6865256 5.3689916e-02 0.9743909 1.1922011 2.5126854 1 1 0
PPE_ENS_85 0.8798647 1.8524808 1.2149862 1.4701095 1.2489161 1.8978851 2.5733774 1.2844734 0.9899615 2.3567931 1.7168277 0.9880130 2.9212885e-08 2.7062915e-08 0.4920234 1.7551297e-03 1.5915763e-02 1.6393134 1.6237224 1.2107030 1.1009273 3.9340832 3.4123968 0.6289728 9.7063531e-02 0.7962597 0.6731006 6.2711917 1 1 0
PPE_ENS_86 2.5067169 2.5115397 1.3183704 0.8988265 1.7851278 3.9779502 1.7874800 3.0267536 0.9914862 1.2804492 2.6260754 0.9896725 4.0853853e-08 1.6143681e-07 0.5442366 4.2663880e-03 3.4126768e-02 1.7428771 1.9334683 0.7773137 1.7081586 2.0098339 0.7932580 0.3861908 0.1315373 1.0732144 0.9854833 0.9688406 1 1 0
PPE_ENS_87 2.5340490 1.7367861 1.4218048 1.4134836 1.3115028 2.4911240 2.9617663 1.6850636 0.9349032 1.0533905 1.7808861 0.9024511 2.9823420e-08 1.4494295e-07 0.8163813 3.0472073e-03 2.6911264e-02 1.2922800 1.5682840 0.8356670 1.2531974 0.1291813 3.1776699 0.3830915 0.1927954 0.9790028 1.8354727 0.9215506 1 1 0
PPE_ENS_88 2.0544806 0.4765057 1.5344025 0.7553633 1.6808375 2.4240069 0.7048434 2.6405998 0.9305230 0.7948103 1.9425584 0.9963429 3.2129591e-08 8.9249375e-08 0.7800303 1.3364018e-03 5.9246096e-03 1.9608530 1.1769941 1.1192545 2.2751545 4.3197044 2.7327200 0.4805838 5.8626102e-02 0.9616347 0.8640000 4.4858112 1 1 0
PPE_ENS_89 2.5692351 0.3851046 1.6571241 0.7266088 0.6079190 3.3068521 2.0906121 1.4520355 0.8489387 1.3034090 1.7559607 1.0803504 2.1724454e-08 7.7272772e-08 0.7510024 2.7062540e-03 2.8885310e-02 0.9771474 1.6438109 1.2366315 1.9947665 3.2934018 1.0091463 0.6977676 0.1835083 1.1555297 0.5912293 0.8201508 1 1 0
PPE_ENS_90 2.3043822 2.7287021 1.0108685 1.5328389 1.5671295 1.6348818 1.9456405 0.8212501 1.0607153 1.3927711 1.7043524 1.0393442 2.0900106e-08 1.0481233e-07 0.6706955 2.6246732e-03 4.4887238e-03 1.5398935 1.0431288 0.9015301 0.9960655 1.3822646 2.3580486 0.5110054 0.1615193 1.1677474 1.4314117 4.2769832 1 1 0
PPE_ENS_91 2.9893344 2.9201966 0.7107771 1.2539104 1.3971874 1.3416339 0.9406854 1.6559496 0.9201577 1.2118240 0.6718744 0.9709355 3.3321856e-08 4.2270435e-08 0.2883041 3.5606058e-04 9.3414766e-03 1.3913869 0.6921141 0.8323468 1.8185117 1.8813469 0.9026179 0.3004997 6.2414867e-02 0.9186634 1.7878793 2.7109882 1 1 0
PPE_ENS_92 1.1690591 0.4435019 1.4991339 1.6671937 1.3608979 1.3781523 0.3963883 2.6006283 1.0756850 0.8596105 0.6403467 0.9420829 1.6570733e-08 4.4385193e-08 0.4266567 2.0321065e-04 5.2896791e-03 1.1832681 0.7833683 1.0215145 1.9660802 4.6263907 0.3766409 0.3079050 8.7177142e-02 1.0824773 0.9875393 8.3442563 1 1 0
PPE_ENS_93 1.4289557 1.2914708 0.7160166 0.6551263 1.4206285 1.8142488 1.0806345 0.9223821 0.9461895 1.8114501 2.4231696 1.0252572 4.2247367e-08 1.7333224e-07 0.7215066 5.9144756e-04 3.1036848e-02 0.6609440 0.7518901 0.8063612 0.5636104 4.1516238 0.6355687 0.4584498 3.4628097e-02 1.1242721 1.0282206 4.0141786 1 1 0
PPE_ENS_94 1.3566735 1.1455180 0.8915655 0.7596789 1.7618118 2.4262953 1.7110416 3.1318283 1.0119942 0.8242112 0.5018708 0.9327234 3.9209145e-08 1.1138569e-07 0.4373518 3.4404709e-03 2.4088387e-02 1.5091478 0.6150153 1.1203944 0.4859607 0.8740542 2.9546905 0.7263207 0.1285145 0.9538121 1.1348510 6.6971940 1 1 0
PPE_ENS_95 2.4654444 0.8421359 0.9784341 1.3825103 1.1683118 1.6264481 3.6951548 0.6036494 1.0726438 2.0392123 1.0852502 1.0859027 2.1178861e-08 1.3100030e-07 0.6863778 1.7253228e-03 1.1279256e-02 0.6917131 1.5802181 0.8984788 1.2422005 3.1951719 2.0441744 0.5734513 0.2407818 0.9760404 1.2233844 3.0852854 1 1 0
PPE_ENS_96 2.5981568 1.2654070 1.0222595 1.5441188 1.3880971 3.9875146 2.4315159 1.9960660 1.0055891 1.8705996 0.2236408 0.9312135 4.4854427e-08 2.7802126e-08 0.8458630 3.1028366e-03 3.1429903e-02 1.4225795 0.9606982 1.1406553 1.5211105 0.1713742 0.9997707 0.6301212 0.1720254 1.0492379 0.7216870 2.2080680 1 1 0
PPE_ENS_97 2.7416966 0.4090510 0.8525536 1.7268452 1.0450005 3.8551266 2.4183709 3.8150285 0.9289855 1.6485488 0.2930042 0.9840107 2.1070937e-08 4.9305440e-08 0.7300443 8.6394197e-03 1.0980272e-02 1.9696512 0.7012438 1.1396799 2.0142440 0.4736536 4.4556033 0.3135504 8.6837089e-02 0.7568073 0.8929871 0.7701644 1 1 0
PPE_ENS_98 2.6901537 1.1274948 0.6019558 1.4657125 0.6327742 2.5319219 3.4197165 0.8826583 0.9833811 0.9944740 2.3087645 1.0729352 1.8179056e-08 1.0697141e-07 0.6835322 5.5136162e-03 6.3476983e-03 1.6301708 0.9343152 1.2189236 1.8867888 0.5558439 2.7492826 0.6933364 0.2102433 1.1827038 0.6269825 1.2131367 1 1 0
PPE_ENS_99 1.2570650 0.7053408 1.7311199 0.8915555 1.0245607 0.6949237 2.5197546 1.0970931 0.9640216 1.7297571 1.1920281 0.9091940 1.7347092e-08 1.2519113e-07 0.6138960 1.5399663e-03 1.0725010e-02 0.9980482 0.7263678 0.9925568 2.1175472 3.0934025 4.3187291 0.5279725 6.5854853e-02 1.0249753 1.9155260 0.5806985 1 1 0
PPE_ENS_100 1.3289044 1.6502639 1.6372141 1.7175226 0.6290781 1.5802734 3.0258995 3.3996780 1.0311148 1.5392900 2.1948848 1.0894702 3.9692944e-08 6.9073072e-08 0.7951892 2.9094868e-03 1.5786720e-02 1.6664731 1.7087066 0.8487349 1.5499185 1.8359947 1.2962503 0.6322027 0.2494323 0.7667473 1.4201718 0.6170211 1 1 0
PPE_ENS_101 2.4926582 1.5897405 0.7752315 0.7327986 0.8483078 2.9473772 1.1014224 2.2863527 1.0063932 0.3247053 1.4364151 1.0594555 3.8809040e-08 3.6064999e-08 0.4050276 6.0760441e-04 3.9493523e-03 1.8869134 1.6705918 1.0850975 0.7761542 3.9926849 0.4511489 0.6689598 4.2830160e-02 1.2458084 0.7135654 1.1915778 1 1 0
PPE_ENS_102 2.3825760 1.9492873 1.6008743 1.5208712 0.9978447 2.9201505 1.9021177 3.5621425 0.9699543 1.8974465 1.4947846 1.0916477 2.5800964e-08 2.8666073e-08 0.6365795 2.5208371e-03 5.4960073e-02 0.9915798 1.4784337 1.0771142 0.6712735 2.3980964 2.0843488 0.4309072 0.2141991 0.9155472 0.8886539 4.2568736 1 1 0
PPE_ENS_103 1.7963617 4.0284577 1.7843865 1.0056371 1.1241043 3.5629068 3.4979039 3.4707273 0.8732880 1.5027383 1.2339523 1.0449726 2.9366038e-08 2.5041933e-08 0.5410317 5.5380827e-03 1.4188957e-02 0.7526509 0.8055240 1.1151238 1.9242316 1.2640883 2.6759867 0.7555607 3.8849439e-02 0.7894858 1.4560658 2.5469824 1 1 0
PPE_ENS_104 0.9671443 2.6783203 0.7906292 1.0849549 1.1665473 3.8852523 2.0677692 1.3173737 1.0083092 2.1140718 1.8858828 1.0294324 2.6950013e-08 1.4162724e-07 0.7278807 3.3720748e-03 1.7728806e-02 1.4384338 1.5420109 1.1948425 1.0544237 5.6050963 1.6610939 0.3164918 8.9629679e-02 1.0718272 1.3465418 2.5784981 1 1 0
PPE_ENS_105 0.6884674 1.8990531 1.3381505 0.9172118 0.7280557 1.0577811 2.8605260 3.1740982 0.9312694 0.7089216 1.3715338 1.0767837 3.6198167e-08 2.0810368e-07 0.4075027 7.2940212e-04 8.0015815e-04 1.9886583 1.2192839 0.8111361 2.2044965 1.8541833 0.8097867 0.6102369 0.2122803 1.0107697 0.8788731 1.6126972 1 1 0
PPE_ENS_106 0.6372890 0.8582504 1.4604160 1.0929869 1.6606538 0.9547442 2.9132742 3.7453784 0.9937299 1.9952711 1.2130228 1.0850361 2.7848674e-08 1.2763745e-07 0.3281912 3.4059930e-04 2.4397342e-02 0.9963094 1.9578614 1.1538422 0.8660530 2.9395805 1.2744791 0.3843583 0.3051659 0.8302250 1.6137193 3.0543679 1 1 0
PPE_ENS_107 0.6263428 1.1954350 1.0074051 0.9974964 0.7413353 3.4919951 2.9850466 3.5328215 0.9522523 0.8360056 2.3666010 0.9445310 3.0613506e-08 7.3553833e-08 0.7292441 3.1942171e-04 1.5429903e-03 1.4250098 0.6028587 1.2380721 1.7545510 3.7938467 2.5254293 0.7347145 0.2033741 1.0512944 1.3832766 4.1028180 1 1 0
PPE_ENS_108 1.4862811 2.8930155 1.2365857 1.4558930 1.4256164 3.1170380 2.6222020 0.5617247 1.0436161 1.5936869 0.2496907 0.9216081 3.2752592e-08 1.8478116e-07 0.4004040 1.1084576e-03 3.5007716e-02 1.4741232 1.9350974 1.0793622 1.3034551 3.1183199 1.7984084 0.3468180 7.8806746e-02 1.0854026 0.7325986 2.8485458 1 1 0
PPE_ENS_109 0.2587193 0.6285790 0.8823754 1.3961685 0.6564317 1.6717653 1.2636094 1.1354818 1.0154470 2.4672141 1.0177532 0.9362648 3.9505757e-08 6.5837786e-08 0.6470217 1.2256502e-03 5.3353918e-02 1.2319130 0.6862991 0.9868911 2.0932210 3.4417798 0.8197844 0.4127383 0.2219034 1.0351792 1.8259568 1.6858399 1 1 0
PPE_ENS_110 2.9623950 1.0564715 0.7228246 0.7403063 0.7038744 0.2839460 2.9411847 3.3189141 0.8967312 0.7798006 1.8312699 1.0234924 1.5503392e-08 2.5968830e-08 0.6603600 1.1618927e-03 1.6462220e-02 0.7115242 1.9127170 0.8721808 1.7794764 1.3487621 1.5829021 0.4605654 9.5977908e-02 0.9984141 0.5281653 6.4844686 1 1 0
PPE_ENS_111 2.9372770 0.2514243 1.8227005 0.6036988 1.2012766 0.8133802 3.1676254 0.5122338 0.8626963 1.7087850 0.5663578 0.9559382 1.5733096e-08 1.2613752e-07 0.7594501 3.0131845e-03 4.2024854e-02 0.6719993 1.2886893 1.2337263 0.5343472 3.2593197 2.1885131 0.4234941 2.3891137e-02 0.8661093 1.1594067 2.3754644 1 1 0
PPE_ENS_112 2.3654898 1.3917815 0.8673290 0.8898093 0.6236759 3.6877698 3.0476721 0.8702760 1.0482719 2.4284604 2.4498478 1.0029185 2.5606559e-08 9.8838713e-08 0.3955646 4.0436264e-03 1.7943542e-02 1.1695183 0.8136232 0.8430209 0.8839887 3.2105525 0.5425531 0.3980422 0.1903807 1.0364894 0.6339520 5.8140595 1 1 0
PPE_ENS_113 0.7430110 1.5330649 1.1533367 1.9540048 1.2239711 0.4157186 1.3287784 3.2231394 0.8655337 1.8301211 2.1380600 0.9742363 2.0339120e-08 1.5759699e-07 0.8652160 1.7931916e-03 2.5109670e-03 1.8803928 1.9251064 0.9828983 2.2377262 2.6865927 1.4407721 0.3379312 0.1031637 1.1654149 1.9691709 3.7569424 1 1 0
PPE_ENS_114 2.8470394 1.3117774 1.1400031 1.6153973 0.6790119 0.6174334 1.3698525 0.5911718 0.9796873 2.3288961 0.3849348 0.9810499 2.9534995e-08 5.4022745e-08 0.7831221 1.6953727e-03 8.4027331e-03 1.7158809 1.5750652 0.9642777 1.6691853 0.9550098 1.3272619 0.6642684 0.2562803 1.0225667 1.9002871 3.0691968 1 1 0
PPE_ENS_115 0.9579256 2.2284865 1.2646556 1.3663881 1.4283834 0.7112997 3.9661948 2.7506355 0.8467578 1.0199662 2.1584755 1.0129027 2.3046041e-08 2.1817575e-07 0.7550659 3.8478248e-03 1.6587045e-02 0.7682568 0.6090304 0.8638897 1.5818260 5.1765163 1.4687222 0.5917136 0.2229766 0.7786631 1.3429369 7.6972898 1 1 0
PPE_ENS_116 2.9054136 0.2927115 1.1349368 1.1358659 0.9603918 2.6021715 3.3461353 1.3321109 1.0567617 2.0450557 1.3949471 0.9003897 3.0230167e-08 1.0766725e-07 0.7755635 2.9331616e-03 5.8260563e-03 1.1614143 1.3823407 1.2289850 0.8546678 4.5809728 1.9285044 0.4448527 7.3427263e-02 0.9017390 1.3232624 1.1231887 1 1 0
PPE_ENS_117 0.8714663 1.8804758 1.8110454 0.6402997 0.6992241 2.0181299 3.0928569 0.9658565 1.0105754 0.9466362 0.1832220 0.9074245 3.4131630e-08 7.5057538e-08 0.7434898 5.3770131e-03 2.2394508e-02 1.8076920 1.0655587 0.9146345 1.7217127 5.2141460 3.5524470 0.7798394 0.1270672 1.0178615 0.5543186 0.1971051 1 1 0
PPE_ENS_118 0.7272442 0.4517412 0.8748251 0.6575435 1.5129144 0.6498257 2.3455218 3.2468232 1.0790151 2.1909097 2.0165078 1.0654119 1.5660252e-08 1.6408161e-07 0.5295092 1.8610363e-03 2.4897488e-02 1.9315302 1.1904726 1.1712646 1.1102565 0.6131741 1.1731688 0.3652414 0.1954255 0.7840117 1.5277815 5.0282955 1 1 0
PPE_ENS_119 1.9414582 0.9234181 1.2408893 1.0993910 1.0924746 3.0238676 3.7938970 1.7382189 1.0369209 1.9132450 2.3949809 1.0686250 4.1943162e-08 4.1458385e-08 0.4727259 1.8871408e-03 8.3083978e-03 0.8073726 1.8333593 1.1926833 1.8721517 0.7007662 0.6550130 0.7903649 0.1588406 0.9866648 1.3379730 6.5962048 1 1 0
PPE_ENS_120 1.6925135 2.0606683 1.0578416 1.5261244 0.6365726 3.5055819 2.5019826 1.3519417 0.8793808 1.9586780 0.7668485 0.9720226 2.8385728e-08 3.1657722e-08 0.4504987 3.7220204e-03 1.4749210e-02 1.7817553 0.6444823 0.8306615 1.5898081 4.0322327 1.4544521 0.6174441 0.1186300 1.1119534 0.5149852 0.9570156 1 1 0
PPE_ENS_121 1.3759756 1.9307724 0.9517939 1.3456398 1.3226442 3.7667323 2.4627658 1.1808059 0.9420641 1.1815492 2.8088703 0.9510253 3.5401724e-08 1.8042781e-07 0.6798541 3.0755248e-03 4.8555303e-02 1.6705583 1.4051141 0.7669834 1.0829554 1.9295259 2.3353387 0.5092123 3.1116428e-02 0.8620842 1.7763504 0.2600266 1 1 0
PPE_ENS_122 0.6958679 1.6921786 0.6634113 0.6461139 1.4734341 2.5711317 2.4479234 2.0128139 0.9134352 1.8721408 1.4110235 0.9336514 3.6576690e-08 1.2205511e-07 0.4115332 5.7416304e-03 3.7332925e-02 1.8973431 1.7306125 0.7829408 1.6610102 2.2492292 3.3314918 0.3905440 6.6592742e-02 0.9249105 0.8525471 3.4379904 1 1 0
PPE_ENS_123 1.6076430 2.4035043 0.7000012 0.9578056 1.6954912 1.0981013 1.4355343 1.9586895 1.0494646 2.6157259 1.9636362 1.0882944 1.8423165e-08 7.1540153e-08 0.5493489 7.6037123e-04 4.0189513e-02 1.1075205 1.7393573 0.8944088 1.0070680 1.4271827 3.2617046 0.4963857 9.2646357e-02 1.0624055 0.5074849 2.8915233 1 1 0
PPE_ENS_124 2.4534674 0.7762527 1.5228758 1.8856358 1.2330673 2.2262791 3.9948770 2.0645929 1.0600053 0.6716996 1.6144472 0.9802450 1.9763177e-08 7.7801768e-08 0.6681984 3.2183614e-03 4.5203598e-02 1.5308650 1.8178002 0.8769334 2.1620848 3.7251114 2.7048883 0.4106333 0.2838444 1.1791172 1.3887116 2.1132673 1 1 0
PPE_ENS_125 2.0457600 2.2078197 1.3273661 1.7764149 1.1114880 1.7604561 1.5826608 2.3186309 1.0506669 2.1210751 1.9534387 0.9144800 4.4117790e-08 1.5949287e-07 0.8108026 4.8671638e-03 2.4714681e-02 1.0735492 0.5122622 0.7790342 1.1957735 2.8144415 4.3326312 0.7299612 0.1328315 0.7839719 1.9496880 1.4475946 1 1 0
