0 SCALE_EMI_DMS SCALE_EMI_ANT_SO2 SCALE_EMI_ANT_BC SCALE_EMI_ANT_OC SCALE_EMI_BB_SO2 SCALE_EMI_BB_BC SCALE_EMI_BB_OC SCALE_FRICV SCALE_EMI_SS_ACC SCALE_EMI_SS_COARSE SCALE_SEASALT_EXPO SCALE_EMI_CMR_FF SCALE_EMI_CMR_BB BC_RAD_NI DU_RAD_NI SCALE_SO2_REACTIONS SCALE_DMS_REACTIONS SCALE_WETDEP_BC SCALE_WETDEP_IC SCALE_DRYDEP_ACC SCALE_SO4_COATING KAPPA_SO4 KAPPA_OC SCALE_ACTIVATON SCALE_VERTICAL_VELOCITY SCALE_NUC_FT INSTALL START END
PPE_ENS_1 2.3455581 1.0750978 1.1241664 1.4661501 0.6803762 2.1839064 0.8555521 0.9993110 2.5560684 2.1566765 1.0630974 4.0052636e-08 3.4270552e-08 0.7533763 8.8054172e-04 0.6006131 1.4774106 1.2305663 1.0636073 3.5464470 0.4914002 0.6464943 0.1326780 0.8180128 1.3026885 1.3959638 0 0 0
PPE_ENS_2 2.5780503 1.0576440 0.7797548 1.1684322 1.6624127 2.7521152 1.4868997 0.9383646 1.7269763 0.6335737 0.9176018 3.5444539e-08 5.1448245e-08 0.5882984 6.7490790e-04 1.7956395 0.7578241 1.5686963 0.9108256 4.1297255 2.1458936 0.6293183 6.7144443e-02 0.5312535 0.8061845 0.7756048 0 0 0
PPE_ENS_3 1.7722465 0.8613538 0.7981400 0.8791692 1.8687299 2.5299336 0.8863138 0.9958748 1.5898253 1.9604007 0.9496778 1.5455571e-08 2.5285890e-08 0.7076123 3.1323448e-04 0.9641250 1.6281275 0.2602678 1.1966792 1.9950294 3.1789023 0.6615218 0.1449765 0.5939970 1.4167129 2.2694449 0 0 0
PPE_ENS_4 2.9358763 1.2176738 0.6628009 1.4318168 2.1405681 0.5401509 0.6244991 1.0263303 2.1738665 2.7122313 1.0181620 3.6468654e-08 8.2592074e-08 0.8402496 7.3465190e-04 0.7266182 1.8591196 2.4815684 1.0065505 3.2031885 1.1202945 0.7547618 8.4057944e-02 0.9813679 1.6543967 4.9378274 0 0 0
PPE_ENS_5 0.5461000 0.7007020 1.0192034 0.8267233 1.3308999 1.0771013 0.3804528 0.8637433 2.6511193 2.1930791 0.9189757 2.0123503e-08 4.9639772e-08 0.8384147 4.6054027e-04 0.9369428 1.9942982 1.6256749 0.9866928 3.3846553 2.5875251 0.5576283 6.2280618e-02 1.0405665 1.4272226 2.8677556 0 0 0
PPE_ENS_6 0.7992791 0.7533061 0.8775323 1.4109445 0.8873052 0.8713342 1.5619204 1.0183078 1.6867214 1.3870783 0.9753003 4.0436821e-08 9.0714303e-08 0.6978618 2.3798774e-03 1.8331380 0.9902692 1.6999997 1.2351930 1.1440048 1.0875293 0.6493621 0.1627399 1.1794354 1.0597958 0.6651051 0 0 0
PPE_ENS_7 2.4517529 0.6812595 1.3138973 1.4390736 0.3530444 0.8190611 1.9517637 0.9471723 0.3857892 2.5024573 1.0377602 1.8520575e-08 9.5808781e-08 0.7053898 3.1501135e-03 1.8931910 1.1500344 1.6078953 1.2387698 1.0382686 2.4155418 0.5515056 0.1999227 2.2324360 1.5293353 6.0213268 0 0 0
PPE_ENS_8 1.1731191 1.1556496 1.2246087 1.0111979 1.6063223 2.2588755 1.6983171 0.8712222 2.2576355 1.1288593 1.0510041 1.5601264e-08 4.1499544e-08 0.5653033 3.9010730e-03 1.2348408 0.7443649 2.7379349 1.0516895 2.7567677 0.9077825 0.7012248 0.1068705 1.1671582 1.3666989 2.9713057 0 0 0
PPE_ENS_9 2.7007764 1.3785696 1.0092715 1.4488427 0.9349370 1.1993948 2.0728085 0.9943220 1.7960409 0.7385457 1.0442602 1.9043361e-08 8.9806909e-08 0.7481484 6.0431915e-04 1.4110754 1.3764917 2.8501266 1.1656307 1.4427586 2.8090730 0.7679511 5.4784062e-02 2.1807602 1.5696604 7.2081689 0 0 0
PPE_ENS_10 2.1291107 1.3162092 0.8098288 0.8747236 0.7107966 2.0562033 1.1788043 0.8508956 1.0418786 2.0229920 1.0019714 2.4982735e-08 3.3489615e-08 0.6853679 3.3447319e-03 1.5706778 0.7677211 1.3491337 1.0744840 0.8709528 3.0358022 0.7634569 0.1829892 2.6519630 1.9238333 0.4367703 0 0 0
PPE_ENS_11 0.5506934 0.9233158 0.7282630 1.1394277 1.4904382 1.9106977 2.4387008 1.0103933 2.0009641 0.7177984 1.0914984 3.8127872e-08 6.6346518e-08 0.6843411 3.1036555e-03 1.4443383 1.6062904 0.6889598 0.9158092 0.6154816 0.9223527 0.6311284 3.2452407e-02 1.6312377 1.8299985 2.8340386 0 0 0
PPE_ENS_12 2.5485293 0.7277767 0.9197938 0.9573073 0.7919586 3.3850505 1.5942442 0.9162511 2.9808896 0.6073583 1.0461564 3.0516981e-08 7.3724215e-08 0.6518480 2.0409447e-04 1.1111822 0.5723970 0.7865704 0.8395403 2.5899620 1.9769359 0.5076925 0.1685820 0.7509765 1.6132246 1.4844847 0 0 0
PPE_ENS_13 1.0819149 1.2270855 1.3696091 1.4767929 0.5618811 2.2976955 1.1374615 1.0392482 2.0172043 1.6804140 1.0673845 4.2910440e-08 2.8814132e-08 0.7793867 1.8972611e-03 1.6339694 0.6579666 0.5990522 0.7684951 2.6992877 1.5093621 0.6508895 0.1334759 1.9838046 0.5798887 0.2120888 0 0 0
PPE_ENS_14 0.5916878 0.9816033 0.6026656 1.3929295 0.8216841 1.6454103 1.7932488 0.9739525 2.5293999 2.2788190 0.9164466 2.5214482e-08 4.3839091e-08 0.5739399 3.6995019e-03 1.9326229 1.7454272 1.4677927 1.2468521 5.7200289 1.0395850 0.6841008 0.1154751 1.4143233 1.5637302 1.0724859 0 0 0
PPE_ENS_15 1.3575357 1.3358644 1.2140431 1.2902818 1.4675171 2.0788233 1.1227411 0.9570243 1.6328313 0.5786380 1.0075970 3.1368235e-08 2.9983884e-08 0.6080370 1.4429868e-03 0.8105325 1.1264153 1.6443698 0.7755747 3.7373548 1.0141141 0.4228951 4.4185636e-02 1.3445198 1.9161481 6.4971920 0 0 0
PPE_ENS_16 2.6251296 1.1912629 0.8586243 0.6007252 2.2779662 0.5599456 2.3696570 0.9039835 2.0665260 1.9426960 1.0999274 4.0743284e-08 2.5913173e-08 0.8490644 3.8687812e-03 1.4999372 1.6618280 1.7308731 0.7561908 2.9858498 2.2058970 0.5865309 3.9245872e-02 2.7859098 1.1074874 4.2585710 0 0 0
PPE_ENS_17 1.4533729 1.3229286 1.0582723 1.1166488 1.7036084 1.7356354 0.7106242 1.0046205 2.3166239 0.8412809 0.9079086 3.7116441e-08 8.8758418e-08 0.7417469 1.5693388e-03 1.2726558 1.2258986 1.2732249 0.8577745 3.1343266 1.4898068 0.6255793 4.2762407e-02 2.7487654 0.5500354 0.7079430 0 0 0
PPE_ENS_18 2.7926675 0.9133767 0.9151272 0.9498542 1.9795228 2.3953216 2.2394728 0.8838788 2.8968650 1.5898248 1.0658038 2.0485027e-08 8.5941232e-08 0.6106524 2.1050418e-03 1.0044371 0.7178768 0.1321231 1.1172423 7.4369209 1.3933982 0.4911530 0.1862129 1.3489953 0.6714236 0.5094586 0 0 0
PPE_ENS_19 0.2007170 0.8742828 1.3748015 1.2256531 0.4858688 1.7894430 1.4240910 0.9517561 1.9839061 1.2482916 1.0116817 2.6222444e-08 3.4658086e-08 0.5913797 8.5420966e-04 1.4917599 0.6958332 0.9948529 0.9839405 4.8100084 0.6488227 0.6114353 3.7164563e-02 1.9865516 1.1841981 4.8656508 0 0 0
PPE_ENS_20 0.5252061 0.8067042 0.9143581 0.6432917 1.8174893 0.9404185 2.2540152 1.0198243 0.5155594 1.1083526 0.9954835 3.2174152e-08 8.5412452e-08 0.8099492 2.3399011e-03 1.7066118 0.6103446 2.0031161 0.8168523 1.3320400 2.1419230 0.6064052 0.1921377 0.3963375 0.8910501 2.5035387 0 0 0
PPE_ENS_21 1.9476575 0.8368607 0.9051972 0.9747865 2.3509325 2.9613537 1.5480376 0.9244249 2.4463075 0.5111153 1.0162832 4.2566935e-08 6.2140268e-08 0.7993113 1.9872455e-03 1.2544497 0.5131977 2.5960329 1.0726235 5.1300996 2.4921450 0.7578352 0.1216270 0.4501661 1.3896772 5.8841993 0 0 0
PPE_ENS_22 2.5000424 0.9777718 1.1064105 1.0914140 1.1790827 1.6153059 0.8698280 0.9433917 1.7580386 2.5368321 1.0312679 3.3276804e-08 8.0274611e-08 0.6333284 1.5355303e-03 1.9872986 1.2708214 2.0565846 1.1498169 0.6751450 0.7979037 0.7613038 5.2306508e-02 0.7579458 1.9877843 5.3233449 0 0 0
PPE_ENS_23 2.5856978 1.2611594 0.8284062 0.9434385 2.2370897 1.1599392 2.3820047 0.9028259 2.0803353 2.6888714 0.9206313 4.3960473e-08 8.2013340e-08 0.5989155 3.0199101e-03 1.2628241 1.9401674 0.3755062 0.7602458 4.8825987 1.5743802 0.6438041 5.9563182e-02 1.0245502 0.8397603 1.1407932 0 0 0
PPE_ENS_24 1.8838323 1.4511980 0.6210476 0.9925756 1.7636733 1.5154382 1.8952865 1.0017393 1.3708389 2.1621027 1.0427688 2.0350825e-08 2.9828887e-08 0.6684792 8.9221244e-04 0.6747684 1.1753974 1.2591384 1.2145365 3.9428329 3.6207908 0.7774758 0.1752110 1.3819323 0.6164997 0.4275303 0 0 0
PPE_ENS_25 2.3675601 0.6391728 1.0506894 1.2579328 1.1659463 1.4864067 1.9809965 0.9908995 0.6134455 1.4361931 0.9296026 2.6546153e-08 4.2514052e-08 0.6830552 2.0449288e-03 1.6925811 0.6564615 0.6526273 1.0815601 4.0408563 2.5402158 0.7804852 6.9837455e-02 2.4314510 1.4921537 5.2618534 0 0 0
PPE_ENS_26 1.5926807 1.2114101 0.7309460 0.6083794 2.2193968 0.6771023 1.7553602 0.9418023 1.4966448 1.5574363 0.9142880 2.5482278e-08 6.8287952e-08 0.8335075 2.8870162e-03 1.1321075 1.0728660 1.0570899 0.9142407 1.5865699 4.3789727 0.4710742 3.6014354e-02 1.4591295 1.1729900 3.7832481 0 0 0
PPE_ENS_27 1.1278827 0.6487838 1.2333362 0.7176560 1.2772232 2.3388265 1.7296733 1.0404443 1.4330696 1.0784526 1.0748951 3.5639676e-08 3.5241000e-08 0.6013697 2.6026106e-03 0.9902509 0.8396779 0.3469679 0.9292005 1.9446289 1.7072870 0.5396053 0.1665587 2.8693428 1.3708241 1.8027877 0 0 0
PPE_ENS_28 0.6454286 0.7311787 0.6870394 0.9390680 1.8087390 0.9976225 1.9176592 0.9057775 2.4673852 2.7265531 1.0349966 1.7768159e-08 3.6181786e-08 0.6453630 3.8446744e-04 1.5609013 1.2386684 2.1433952 0.8662774 3.0491038 3.9148114 0.5591396 0.1906413 1.5442199 1.9485136 2.0257658 0 0 0
PPE_ENS_29 0.7067496 1.4658258 0.9675076 0.6196258 2.2596972 1.6705185 1.3541463 1.0411850 1.1101597 1.0615215 0.9407248 2.0873513e-08 2.8207235e-08 0.7983936 3.2676344e-03 0.5583702 1.3006940 2.2409558 0.9334864 5.0104840 1.9561281 0.4587881 0.1578759 1.8217104 1.8902430 3.9889633 0 0 0
PPE_ENS_30 0.4560623 1.4799428 0.8935913 1.4934235 1.7363338 0.6244693 1.3693654 0.9238889 0.8431202 0.6696967 1.0533595 1.6699701e-08 9.3906179e-08 0.7211540 1.7121112e-03 0.8453436 1.8834852 0.8283294 1.2405265 8.2168639 3.2254686 0.5736191 6.8551165e-02 1.5885822 1.7042903 4.7028040 0 0 0
PPE_ENS_31 0.2728644 1.3388116 1.3826108 1.2134834 2.8835120 2.2057630 1.8087704 1.0449118 2.6876422 2.4512746 0.9034664 2.8894606e-08 7.8435282e-08 0.6775018 1.8567065e-03 1.2664154 0.5431783 1.1792201 1.1382105 2.0551602 1.2775023 0.7593423 0.1462681 1.8312103 0.8249325 2.7602499 0 0 0
PPE_ENS_32 2.0953742 0.7169705 1.1841314 0.6772758 1.3587710 1.2707216 2.7942440 0.9380032 1.2496076 0.4701882 0.9680233 4.2290475e-08 5.0394771e-08 0.6403473 1.9252938e-03 1.1185319 1.6421453 0.5921363 0.9654490 0.6576976 2.7382866 0.5684711 7.5639484e-02 0.7350459 0.6266352 2.0050675 0 0 0
PPE_ENS_33 1.2879045 0.9679035 1.4073698 1.0333969 2.3185633 1.1342326 1.0180919 0.8669889 2.2444221 2.3216529 0.9465904 2.8004137e-08 6.2916405e-08 0.7247404 3.2495998e-03 1.9407944 0.8709659 2.3363158 1.0843088 2.1108274 2.5984649 0.6174123 0.1721461 2.4634320 1.1912945 5.3969726 0 0 0
PPE_ENS_34 2.8533664 0.9902572 0.6171498 1.2621538 1.7942957 2.6084791 2.2778610 0.9779330 1.5633808 1.1938574 0.9991210 3.9046064e-08 9.9560243e-08 0.8423892 1.0861702e-03 0.5852089 1.2647901 2.0720172 1.0978742 2.9678288 3.4307122 0.7314638 5.6885294e-02 2.2843987 1.8468684 8.1798418 0 0 0
PPE_ENS_35 2.0071774 1.2046778 1.1022673 1.0990373 0.7084424 1.7782490 1.2190446 0.9478376 1.6942752 0.4332515 1.0732703 3.8510319e-08 2.7917211e-08 0.8181132 3.8355132e-03 1.8625053 0.9681864 0.3194152 0.9452282 1.9078095 1.8261080 0.7248513 0.1306313 1.2334766 1.1994549 1.5139348 0 0 0
PPE_ENS_36 2.8899400 1.2005781 1.4433767 1.1843305 1.1113512 1.4414433 2.8661154 0.9312343 0.5408526 2.9808452 0.9531678 4.4873028e-08 4.7622623e-08 0.8007487 3.4566537e-03 1.4709910 1.9654777 2.8635046 0.9676707 0.7285115 3.1971846 0.6700061 2.5230442e-02 0.3482616 1.5184459 3.7264322 0 0 0
PPE_ENS_37 1.9090962 1.4316271 1.0292627 1.1245536 1.2337641 0.3684277 2.4538105 0.8926562 1.7605708 2.6643261 0.9091756 2.8788091e-08 7.7609895e-08 0.7594457 7.0251028e-04 1.5790879 1.0166257 2.1935323 1.0267551 5.4650609 2.0798163 0.5942267 2.9879851e-02 1.4042215 1.0463563 3.3623478 0 0 0
PPE_ENS_38 0.6339066 1.3487867 0.9358676 1.2396841 0.9004042 0.5209432 2.1954280 0.8500044 0.3994649 1.2000529 0.9133475 1.6277779e-08 4.6231370e-08 0.6218071 3.4129323e-03 1.8266585 0.7982356 2.9894127 1.2338402 1.9730428 0.5063741 0.7901223 0.1180840 0.4928797 0.9046331 2.5484317 0 0 0
PPE_ENS_39 1.5759556 1.4364553 1.4803097 0.6522805 1.3639994 2.2346913 2.4643284 0.8745665 1.2235605 2.7745168 0.9638419 1.5189196e-08 8.3653502e-08 0.6498106 1.8065444e-03 1.9950379 1.5935684 2.1218860 1.2013448 5.6687318 0.4873015 0.4419818 8.0568715e-02 2.9802905 1.9750101 0.9291733 0 0 0
PPE_ENS_40 1.4876459 1.0805725 0.8888310 1.0173444 1.1551105 1.4347594 2.1548500 0.9496900 0.7659790 1.0145614 0.9653112 1.8637804e-08 3.3645636e-08 0.6993940 1.6408486e-03 1.3067576 1.4271680 9.3019303e-02 0.8945252 6.7101637 1.4768491 0.7438605 2.5821542e-02 1.2409868 1.3135169 1.0188526 0 0 0
PPE_ENS_41 1.9742766 0.6512506 1.1202098 1.3713008 0.5395790 1.1555532 0.6522594 0.9607918 2.7232853 1.7602667 0.9339289 4.1191743e-08 6.7597352e-08 0.5971531 3.4904130e-03 0.5387163 1.4408549 7.0367253e-02 1.0435715 4.2779100 2.1261127 0.7091409 0.1870208 1.2797373 1.7107489 7.8815638 0 0 0
PPE_ENS_42 1.0051330 0.8985413 1.0689787 1.1506457 2.4955196 2.5677925 0.7614222 1.0370222 0.7287504 1.9758078 0.9278586 3.5028116e-08 4.9071843e-08 0.6030133 2.6759038e-03 1.0966019 1.9080139 0.8440602 0.9233735 6.2935418 2.7725815 0.6206852 0.1319003 1.0132379 1.3318146 3.2094091 0 0 0
PPE_ENS_43 0.3145479 0.6861345 1.2476772 1.3425550 1.8849280 2.1478975 2.3485314 0.9877438 1.9606463 2.4296607 0.9122290 2.1716662e-08 3.3186125e-08 0.8122572 3.6933299e-03 1.1917332 0.5023234 2.7811212 1.1151113 4.1476253 2.1666738 0.5358316 4.6729951e-02 0.9015825 0.9768638 2.3040991 0 0 0
PPE_ENS_44 0.8308218 0.8855222 1.4385621 0.9646389 0.4990159 3.0841339 2.2949206 0.9176222 2.8197553 1.0104718 1.0947013 1.6142401e-08 4.9809736e-08 0.7818632 3.6241640e-04 1.6427148 1.3677065 1.2860863 1.1350921 3.7062195 0.5324521 0.5195659 0.1737288 2.5190047 0.5604134 5.9158691 0 0 0
PPE_ENS_45 0.7522199 0.6736820 0.7641272 0.9550287 1.9218938 2.6835673 1.1859589 1.0312339 1.4541655 0.5324548 0.9983668 1.7171577e-08 5.4464742e-08 0.5753511 3.7871160e-03 0.7919990 1.1955279 0.9796636 0.8316656 3.6695052 1.3746925 0.7359628 0.1560718 2.3101626 0.7483785 5.0528420 0 0 0
PPE_ENS_46 2.1975146 0.8673115 0.8973164 1.4777495 1.5499218 1.3687464 1.9041883 0.9851532 2.4238510 2.9614506 0.9722800 2.0823452e-08 8.3878223e-08 0.6167499 2.4360572e-03 1.3679033 0.6469418 0.6184997 1.0060151 6.3778870 1.3114689 0.6966996 0.1229548 0.4874113 1.2948464 1.3723532 0 0 0
PPE_ENS_47 0.8058529 1.1762753 1.1533848 0.8906046 0.5222554 1.7720506 1.7646297 1.0057225 1.5279469 2.5609725 0.9641396 2.6615774e-08 4.7935324e-08 0.7571009 6.3722941e-04 1.3310152 1.1047633 2.6523181 1.1136432 7.6786914 1.9976685 0.5226223 0.1394234 1.1927511 1.3554011 4.3684635 0 0 0
PPE_ENS_48 1.6842629 0.7224271 1.2362770 0.9287706 0.7216803 1.5533573 1.6303604 0.9720156 0.5794725 1.8764322 0.9312536 2.8072959e-08 6.5866362e-08 0.8196241 5.9463145e-04 1.2906721 1.1676200 2.0132626 1.0442032 5.1212232 0.6354883 0.4640991 0.1410947 0.7080830 1.7652061 4.0308945 0 0 0
PPE_ENS_49 2.2812858 0.8833625 1.0394632 0.7403077 1.2411703 2.7668328 2.1260727 0.8466283 2.5439418 2.1228142 0.9597456 1.7299470e-08 7.1930612e-08 0.5787556 2.2433835e-03 1.3000530 1.8151238 1.4234230 1.0551488 5.1887841 2.7180324 0.6186742 0.1126220 0.9165003 1.7324478 1.7821882 0 0 0
PPE_ENS_50 2.0677320 1.1000542 0.7871576 1.2238612 2.4785990 1.6767200 2.5275373 0.8913607 1.6183569 1.9108459 1.0480510 2.5855988e-08 4.4846123e-08 0.8020858 1.2798549e-03 1.1848419 1.4735700 2.7499150 0.7577863 2.8811233 1.7189245 0.7222664 0.1518507 1.8840314 1.7823246 4.4236602 0 0 0
PPE_ENS_51 0.9445548 1.2828106 1.0755107 0.8048059 2.1815615 1.8662138 0.4175828 0.8682223 2.8404272 0.9758542 1.0145132 2.9737882e-08 5.6286867e-08 0.7547885 1.2072375e-03 0.5329061 1.8678349 0.5743288 0.9463609 7.0807245 1.4324770 0.4504220 4.0964041e-02 2.9009651 0.9724621 5.4774117 0 0 0
PPE_ENS_52 0.3618700 1.4954608 1.0619982 0.9353893 1.5939213 1.1010998 1.3095565 1.0463510 0.4567008 2.4756189 1.0907742 3.9272293e-08 3.6897250e-08 0.5555403 3.3585441e-04 1.8374462 1.0826756 2.8827044 0.7500063 2.2881407 0.3970310 0.7942655 8.1505737e-02 2.9484016 0.6820932 4.5019300 0 0 0
PPE_ENS_53 1.1164180 1.0274716 1.4131557 1.1922886 2.1226724 1.3203098 0.4950264 0.9404262 2.5601522 1.9500313 0.9850738 3.0057579e-08 5.7041042e-08 0.7024255 2.6597054e-03 1.7283473 1.7321318 1.1221972 0.9484120 3.8298355 0.9792995 0.4873748 0.1063211 2.4526212 0.6357758 6.1090946 0 0 0
PPE_ENS_54 2.0861813 1.1976921 1.4369096 1.2368554 0.9706653 1.0131742 0.9161097 0.9825181 0.4162411 2.1443036 1.0934110 3.5923253e-08 6.4169277e-08 0.8288303 1.7587522e-03 0.7699217 1.8906946 2.8291982 0.8261332 3.9203371 2.5768809 0.7192475 4.0061707e-02 2.5033817 1.1264630 0.6160371 0 0 0
PPE_ENS_55 0.7245240 0.7697681 0.9840691 1.0249819 2.5490288 2.9191204 2.7760038 1.0087105 1.1995309 2.0358182 1.0725848 4.4171609e-08 8.3157452e-08 0.8250525 2.7627445e-03 0.7926624 1.5639746 0.2251297 0.7796308 3.4262482 1.1363106 0.5020678 0.1914344 2.5641781 0.7627210 3.8648871 0 0 0
PPE_ENS_56 1.1996015 1.0931990 0.7011887 1.1343066 1.3066892 1.4125937 0.8541471 0.9397994 0.6497953 2.1853238 0.9707816 2.1417718e-08 5.8245567e-08 0.7801600 9.5199323e-04 1.0657949 1.6673274 1.9834446 1.0350182 2.8415901 3.3699594 0.7057719 9.0927550e-02 0.9845139 0.9560934 1.8245033 0 0 0
PPE_ENS_57 2.1173220 1.0964884 1.1851244 0.8311119 1.6429956 1.2972812 1.4437860 0.9081996 2.8576258 1.2615630 0.9445657 3.0768994e-08 9.9018945e-08 0.7383018 3.6650953e-03 0.8850361 1.4358639 0.4673993 1.1472584 2.1470258 1.0823266 0.7262008 2.7358069e-02 2.7407503 1.7505241 3.4049954 0 0 0
PPE_ENS_58 1.6282924 1.1308522 1.3000354 1.3114858 0.7573091 1.9352652 0.6059770 1.0154085 1.2636405 1.8298597 1.0092457 3.4170826e-08 5.2199751e-08 0.5613328 1.9792706e-03 0.6994074 1.1562248 0.3705341 0.9222178 1.8184328 1.1023896 0.6559083 0.1026209 2.2113092 0.9864211 1.2938247 0 0 0
PPE_ENS_59 0.8466493 0.8948107 1.2513053 0.8081594 1.9479399 3.0155638 1.9600634 0.9755263 2.4335100 0.4491170 1.0611455 3.4201252e-08 4.6565772e-08 0.7938975 1.7825339e-03 1.8118794 1.7638178 1.4921976 0.9059112 0.8287700 3.0918643 0.6743839 2.1435860e-02 0.3745867 1.0704907 0.9164027 0 0 0
PPE_ENS_60 1.9949200 0.9313179 0.7606601 1.3816521 2.2706735 1.4587294 3.0301362 1.0142609 0.7404404 0.3511573 0.9065776 3.3956235e-08 5.9468721e-08 0.7504651 1.3849176e-03 1.6316944 0.7881178 0.1577379 1.0126382 5.7453950 0.8137803 0.5250374 3.0937158e-02 2.7904977 1.3944990 6.6536132 0 0 0
PPE_ENS_61 1.7616500 1.0404026 1.0650501 0.7280395 1.4810320 1.5426526 2.5591772 0.8704192 2.2272634 2.0458984 1.0867453 2.8263961e-08 6.7246084e-08 0.6556189 1.0151107e-03 1.9003312 0.7717211 1.3561945 1.2035125 4.0009109 0.6057492 0.5307116 0.1002176 2.5870527 1.2328750 1.7145052 0 0 0
PPE_ENS_62 2.1451749 1.1099789 1.3490931 0.9986237 0.6542341 0.8261982 1.4573605 0.9274673 2.9287021 2.9539174 0.9544497 3.3104719e-08 2.9443599e-08 0.7761340 2.9633090e-03 0.6563387 1.1829610 1.1067054 0.9323595 7.7328511 2.6985036 0.6890702 0.1846842 0.4359785 1.3493605 5.9671455 0 0 0
PPE_ENS_63 2.7108380 1.4598883 1.2927498 0.6899334 1.1955276 1.0284122 1.5210392 0.9045500 1.3094493 2.5186926 0.9341105 2.0634137e-08 9.2530951e-08 0.8304037 3.4760110e-03 0.7735382 1.8107362 1.8426016 1.0882763 4.4662979 3.5475328 0.6998753 0.1106806 1.6802347 0.5251319 7.4418827 0 0 0
PPE_ENS_64 0.7685971 0.9029184 1.3886261 1.0530291 3.0555514 1.8955547 0.7986872 0.8717547 0.5931305 1.4778900 0.9973041 2.9118605e-08 7.0764865e-08 0.7002260 3.0377623e-03 1.1057626 1.6758675 0.9395642 0.8820200 4.3861515 3.4939038 0.6271091 5.5229838e-02 2.0832723 1.8033166 2.2132304 0 0 0
PPE_ENS_65 1.8305909 0.7207833 0.9327420 0.7885952 1.3981797 1.5333097 1.8393340 0.9557977 1.1639680 2.7724530 0.9947779 1.8193652e-08 7.6937131e-08 0.8039249 1.3513449e-03 1.7845683 1.6782740 2.4793335 1.1534015 0.9502622 0.7920455 0.5774274 7.9238310e-02 1.0835622 0.7399352 4.0861006 0 0 0
PPE_ENS_66 2.2935479 0.7429320 0.7961306 0.7243374 1.2563297 1.9855439 2.2737770 0.8537016 1.0039219 0.3637836 1.0694044 2.5676109e-08 9.6614689e-08 0.7237578 3.7366864e-03 0.6916624 1.9615484 1.4726719 0.8603364 6.1845305 0.4474837 0.7167604 3.7068913e-02 0.5274796 0.9214740 3.0707056 0 0 0
PPE_ENS_67 2.6034199 0.7766913 1.4561197 1.0589381 2.8156840 0.8467496 0.8042148 0.9786638 2.6355739 0.7451713 0.9256510 2.9580506e-08 7.0085912e-08 0.6278978 1.3206267e-03 1.7217314 1.3596811 0.5299047 1.0911719 3.0691075 2.5664525 0.4458678 9.1703500e-02 0.9270389 0.6760987 0.5786080 0 0 0
PPE_ENS_68 1.7021744 0.8778806 0.7045434 1.3410276 1.6959393 0.6972003 2.5128162 0.9255966 1.1503623 2.3455271 0.9245107 2.6935328e-08 5.5550471e-08 0.5842215 3.0512392e-03 0.8323993 1.1446455 1.7860577 1.0305295 3.4145685 1.6844220 0.6799255 8.8045272e-02 2.0049660 1.4495293 2.8850618 0 0 0
PPE_ENS_69 0.4792848 1.2995761 0.6794380 0.7464289 2.9234299 0.5025356 1.6118774 0.9193376 1.0691304 0.7580902 1.0548177 2.7071234e-08 9.6753742e-08 0.6176971 9.8227192e-04 0.5062712 0.8005816 1.3736189 0.9026199 4.9069682 1.3414282 0.7868789 8.5131651e-02 2.3740816 1.7402417 7.4301667e-02 0 0 0
PPE_ENS_70 0.4082821 1.4071302 0.7751904 0.7079389 0.9846841 1.3878065 0.4996814 0.9810708 2.1225586 0.5867478 0.9053124 3.7214994e-08 8.1547894e-08 0.6471429 1.4822055e-03 1.4188034 1.5494746 1.0150753 1.1023009 4.7349735 1.9002955 0.4633203 3.5196464e-02 2.3483144 1.0095601 1.4351002 0 0 0
PPE_ENS_71 2.0322953 0.7749917 1.3413166 0.6840769 2.2043662 1.0632708 1.8259616 0.9765705 2.3334251 2.2796813 1.0773944 2.5594998e-08 6.0269320e-08 0.7740936 2.5726749e-03 1.6200469 1.3118988 2.2532661 0.8141572 1.6371831 1.5520318 0.5451268 9.7812362e-02 1.9263355 0.6492691 2.6362243 0 0 0
PPE_ENS_72 2.6599882 0.6103826 1.0345589 0.6958136 0.5479893 2.0296901 3.3442996 0.8576646 0.8616937 1.0691388 1.0687244 3.4395684e-08 7.9817584e-08 0.7658289 2.2688460e-03 1.6508259 1.4140822 2.4510544 0.9757864 3.4854235 1.8853440 0.5784134 0.1386111 1.0999292 0.8188040 4.3417183 0 0 0
PPE_ENS_73 2.4821782 0.7507262 1.2755347 0.9271883 1.6834360 1.0460754 0.5738344 0.9975692 0.4812131 1.3000329 1.0457766 1.6603112e-08 9.9781745e-08 0.6596062 2.7745321e-03 1.5091415 1.5560235 1.6771261 1.1418002 4.3487402 0.8459590 0.4329382 0.1963902 0.6537256 1.1219758 2.6024019 0 0 0
PPE_ENS_74 2.1858409 1.3980500 0.6669588 1.4000728 1.6710921 1.9707052 1.6660316 1.0169507 1.8627206 0.6568405 0.9667252 2.9959608e-08 7.2972470e-08 0.6435320 2.0641980e-03 0.6661865 1.5793836 1.9603556 0.9982267 0.9775855 1.8003996 0.6019027 0.1469735 1.7140428 1.6657942 0.5367447 0 0 0
PPE_ENS_75 1.9910041 0.6714040 1.3575951 1.3667642 1.8573102 1.8166168 1.2468537 0.8755647 1.7118892 2.6471966 1.0283036 4.1511612e-08 9.6223110e-08 0.7064727 3.2920522e-03 1.5356030 1.1986493 2.2053004 1.0914374 4.9645818 0.7083523 0.6651488 0.1497127 1.3176912 0.5074744 2.6596129 0 0 0
PPE_ENS_76 0.3450383 0.9252825 1.3441670 1.2958552 1.9064963 1.5845058 1.1510744 0.9441130 1.6781095 1.6394499 0.9375008 3.8823926e-08 8.8223308e-08 0.5811920 2.1297086e-03 1.1778394 0.7335271 0.8722204 0.9205690 4.4268838 2.8264438 0.6583148 0.1601746 1.0625337 1.5017350 2.4152931 0 0 0
PPE_ENS_77 2.9549813 1.1393830 0.9997490 0.8840275 1.7261380 1.5064926 2.7307247 0.9637939 0.6093275 2.5736110 0.9926148 3.9598191e-08 3.9034805e-08 0.6119619 3.5957075e-03 1.0154963 0.7088393 1.5782795 0.9891458 3.3148254 1.7643049 0.7452633 7.2641750e-02 1.1450618 1.4702954 6.0658454 0 0 0
PPE_ENS_78 1.4339348 1.0060744 1.4029037 0.8171200 0.5861461 1.0539048 1.7195020 1.0266116 2.6233059 1.6085571 1.0808995 3.3561902e-08 9.4036963e-08 0.6195202 9.6534855e-04 0.7054764 1.7938917 2.8977875 0.9917549 2.3281073 0.5721146 0.7843755 7.4457939e-02 2.0221414 1.4600783 4.9080042 0 0 0
PPE_ENS_79 1.9579545 0.8285212 1.2001721 0.8420172 0.7495303 1.2182276 0.9809629 1.0496891 0.9295874 0.8902818 1.0825979 4.0228004e-08 3.5699716e-08 0.7896289 1.6662674e-03 0.5673491 1.9814079 1.4543606 1.2511465 4.5589662 0.9527588 0.4272380 0.1356083 2.4925527 0.5301518 3.4885590 0 0 0
PPE_ENS_80 2.5196248 1.2706632 0.9515987 1.2752459 2.0961301 0.4434762 1.3973755 1.0336934 2.6090890 0.6898965 0.9399404 3.5208661e-08 4.2218663e-08 0.8441177 3.6388034e-03 0.8757369 1.3938704 2.3127842 0.8741958 3.6590157 1.2585541 0.6767360 0.1479457 2.3594804 0.7256532 0.8035665 0 0 0
PPE_ENS_81 1.4303685 0.9341941 1.0253228 1.0758841 1.5265882 1.8374101 0.7439562 0.8860489 2.9371648 2.4133613 1.0594027 3.7388307e-08 4.3135747e-08 0.7707201 2.5455565e-03 0.9334466 1.7697243 1.3978073 1.1286502 1.1673700 3.0313643 0.4176830 4.2235894e-02 2.6199636 1.2727765 2.9822276 0 0 0
PPE_ENS_82 1.8058974 1.2447764 0.8836700 1.3863428 2.0607305 0.7060036 1.0707422 0.8589400 2.0374705 2.3800745 1.0819832 3.6683524e-08 9.1795365e-08 0.7438785 1.2989845e-03 1.0546251 0.5868637 0.3901335 0.8958621 1.0531780 1.4538959 0.7471633 0.1978595 1.7514476 1.1553529 0.2385846 0 0 0
PPE_ENS_83 1.8747309 0.8322963 1.2577994 1.1089674 2.7228567 2.5862884 2.8452875 1.0205158 1.4777116 0.9468899 0.9821074 2.6771568e-08 5.8743240e-08 0.6907817 3.2394343e-03 1.9539190 1.4925498 2.8195582 1.1757472 5.8603509 0.9381697 0.7281121 6.0256886e-02 2.7663511 1.2247985 4.7878484 0 0 0
PPE_ENS_84 2.7685948 1.2416740 1.2663315 0.9693876 1.7209327 1.0097333 1.4829518 1.0226262 2.1362290 1.6560451 1.0668484 3.2324297e-08 4.7037175e-08 0.5870624 3.8095690e-03 1.0399860 0.5340716 1.5971353 1.0710711 4.7410697 2.9966117 0.6083287 0.1310203 1.4474511 1.1309749 3.2977698 0 0 0
PPE_ENS_85 0.8170442 1.3026515 1.4681642 1.3245801 1.2252636 0.9295538 0.6567432 0.9655436 1.8751388 2.6663898 1.0134689 2.9308870e-08 8.1944386e-08 0.6295921 2.3982916e-03 0.7249500 1.3407146 2.0946075 0.9359675 2.1856441 2.3357118 0.4823363 0.1897705 1.4966304 1.5564235 1.9422390 0 0 0
PPE_ENS_86 0.7458589 0.9939580 1.3984130 0.7159376 1.4501487 1.1837900 1.2795285 1.0067313 1.5989452 2.9984408 1.0038064 3.0691900e-08 8.8391390e-08 0.8352517 1.6878406e-03 1.9311825 1.6218552 1.9209965 1.0562999 3.5558216 4.0627025 0.5965822 8.6908887e-02 1.8962301 1.7553855 5.7142222 0 0 0
PPE_ENS_87 1.3074181 1.3954155 1.1422832 1.0721592 2.3812586 0.7947413 1.3788005 0.9661534 2.0597044 1.5377238 1.0365407 1.5307484e-08 3.2420039e-08 0.6480787 4.2767581e-04 0.9234413 1.1670332 0.8113082 1.1328513 2.5098023 2.2378853 0.5219044 0.1987476 0.5651486 1.1143069 4.7442431 0 0 0
PPE_ENS_88 0.3322852 0.6431117 1.2854038 1.0794903 0.6219100 2.1501706 0.6873911 1.0348210 1.8185851 2.9367575 1.0601052 2.2906895e-08 3.1775066e-08 0.6870232 5.7353957e-04 1.3542382 0.8522969 2.6255923 1.1914729 5.2947378 2.2213610 0.6835874 0.1092009 0.3365411 1.3203212 0.9765822 0 0 0
PPE_ENS_89 1.2113784 1.2766834 0.6379549 1.0854876 2.3929000 0.8342795 0.5082112 0.8957684 0.5589503 2.4101449 1.0972848 1.9414478e-08 7.7295621e-08 0.6691429 2.7122112e-03 1.5941503 0.6009461 0.4914505 0.8084860 2.7519053 3.4557269 0.5496318 0.1571491 2.0291903 0.7753540 1.9517594 0 0 0
PPE_ENS_90 0.2877537 1.2917284 0.7812930 0.6249865 2.8261156 2.5046030 1.3949930 0.8952176 1.7326960 0.9645357 1.0407956 4.4747425e-08 3.0939048e-08 0.6651740 7.8762985e-04 1.3610359 1.0904231 1.1388829 0.9001440 1.5605801 0.8686912 0.6443401 2.4007946e-02 1.5261219 0.6585654 6.4395705 0 0 0
PPE_ENS_91 0.2596502 0.8530286 0.7900752 0.7558646 2.1285526 1.3062320 2.9868714 0.9372005 1.0533065 1.8084303 0.9902324 3.2560460e-08 3.0300995e-08 0.5898843 2.2044174e-03 0.6480319 0.9732480 0.7663924 0.8106139 2.4314375 1.8580126 0.6900604 0.1424426 0.4652881 0.8115153 2.9116714 0 0 0
PPE_ENS_92 2.9674197 1.3607681 0.6924038 0.6135613 1.8983387 1.7179566 0.3655917 1.0130732 1.4096573 2.0063822 0.9429874 3.7503380e-08 4.8664321e-08 0.7038686 2.6329334e-03 0.5919848 1.2938743 2.7234095 1.1617230 1.1028704 3.8593844 0.7823569 0.1741266 0.8257197 1.9675875 4.1241664 0 0 0
PPE_ENS_93 2.7613403 1.3839681 1.4637561 1.2864125 2.0363500 0.6432031 1.3301412 0.9457347 2.7408335 1.7425788 0.9678501 2.7229712e-08 7.5796385e-08 0.7768652 1.8246529e-03 1.0615446 0.8268376 1.0005605 0.9708542 3.8822425 1.4070194 0.6387620 0.1667589 1.4793401 1.5836603 7.8234413 0 0 0
PPE_ENS_94 2.1638044 1.0044998 1.1326183 0.7819927 1.0761206 0.8075477 2.3189976 0.8569324 1.9938828 2.8013823 0.9619792 4.3484585e-08 7.4919421e-08 0.6001262 2.8525334e-03 0.5732046 1.3479710 2.5377647 0.8225206 0.8940654 2.5091782 0.6226694 9.5169958e-02 0.5117612 1.7735133 5.4475490 0 0 0
PPE_ENS_95 2.6462763 1.0525460 1.3161256 1.2834782 1.4131212 1.3297320 0.7014229 0.9924844 0.8051374 1.3641409 0.9514973 4.3340915e-08 5.4829562e-08 0.6583981 3.3092328e-03 1.6633659 1.0268411 2.5528770 1.1606457 4.5283486 2.1760351 0.5126500 4.5697684e-02 2.5526275 1.5370004 1.2811783 0 0 0
PPE_ENS_96 1.0993132 1.1531331 1.3921327 1.4966761 1.1901745 0.6181301 0.8995111 0.9512469 2.8026019 0.9952187 0.9307060 1.7659969e-08 9.8666091e-08 0.6060160 2.8048970e-03 0.9043434 0.9600389 2.5574664 1.1464611 4.9450984 0.7126427 0.4188254 0.1934189 1.9473169 1.4426994 3.1256625 0 0 0
PPE_ENS_97 0.4108228 1.2938419 1.0793295 1.3206111 1.1365883 0.9037887 2.0532715 0.8883637 1.8973506 2.7923746 0.9819375 1.9978688e-08 3.1648652e-08 0.8305548 1.1810428e-03 1.1412874 1.6922793 0.7265081 1.0383672 5.2223413 1.2356959 0.4371113 7.1957353e-02 2.4131813 1.1626454 5.2153630 0 0 0
PPE_ENS_98 2.1575967 1.0304812 1.4877406 0.8527830 2.4565036 1.9471093 1.5315520 0.9897376 0.4296846 2.9022965 1.0303460 2.3777338e-08 2.5471307e-08 0.8211347 1.0301421e-03 1.7119393 1.1096154 1.8110968 0.8452145 0.4765637 1.8244965 0.4694143 5.1404849e-02 2.9134982 1.8663830 3.0302909 0 0 0
PPE_ENS_99 0.4489240 0.8217360 1.0889407 1.3909966 2.0181816 1.7082570 1.9797934 1.0027192 2.2834188 0.8106263 1.0799765 2.8576348e-08 6.8565981e-08 0.6913859 3.3658476e-03 1.2176983 1.5099518 0.2817637 1.2428850 3.4673107 1.1936031 0.5116873 4.7877828e-02 1.1286137 1.7261923 1.0423966 0 0 0
PPE_ENS_100 0.7839841 1.0719898 0.8621445 1.4231846 1.6341013 2.7235719 2.1842273 0.8733577 2.3875819 1.6941629 1.0158012 4.1595978e-08 2.7443061e-08 0.6793809 3.9201693e-03 1.7713798 0.9814063 2.9691959 1.2216875 6.6309850 3.3561468 0.4990286 9.8606017e-02 1.6091313 0.5118470 5.1760364 0 0 0
PPE_ENS_101 1.2651216 1.0826334 1.3061591 1.0605622 0.6095782 0.8663037 2.1113867 0.9000923 2.5090110 1.2796239 1.0273934 1.6442830e-08 6.1158847e-08 0.6085860 3.6574309e-03 1.8429733 1.5281800 1.0275383 1.0186575 1.2230303 2.3982434 0.4010268 0.1187224 1.8651447 1.9939690 0.6592934 0 0 0
PPE_ENS_102 0.2369410 1.4388613 1.4222089 0.7002213 0.8555917 1.4747133 3.2009081 0.8796654 1.9370338 1.7158792 0.9698989 3.5814615e-08 6.2714296e-08 0.6639333 2.5238632e-03 0.9432984 1.5412832 2.2666595 1.1814361 2.4673432 0.5793450 0.4579293 5.7396327e-02 1.5662030 1.2508225 2.6965654 0 0 0
PPE_ENS_103 2.4753553 1.3079428 1.1168652 0.7114637 0.6000083 1.6023547 1.8545533 0.9219228 1.3341555 1.8136384 0.9834841 2.5168490e-08 3.7842206e-08 0.5962650 1.8878857e-03 1.4349631 1.8523360 1.1931808 1.0176827 6.9258483 2.1051155 0.4144555 6.0842048e-02 1.2763455 1.2419464 7.3966985 0 0 0
PPE_ENS_104 2.6821377 1.4104673 1.2430180 1.3335213 2.1991276 1.1240062 0.9736651 0.9694119 1.2961212 1.4483803 1.0323260 1.6823220e-08 9.3513918e-08 0.5594003 2.9113781e-03 0.8068555 1.4477039 1.7732795 0.9414939 1.7381347 3.3274954 0.7388628 5.4118237e-02 2.4119919 0.7614050 5.5367593 0 0 0
PPE_ENS_105 1.7464713 0.9071179 1.4287740 0.9601738 2.0719272 2.8682447 1.2626213 0.9818284 1.5449658 0.8098592 0.9215292 4.2719115e-08 2.6125074e-08 0.8073277 2.5109868e-03 0.5290167 1.7185314 0.7946211 0.8868722 2.7986651 2.5058726 0.6670000 6.5800337e-02 2.1490378 1.8387477 4.9954711 0 0 0
PPE_ENS_106 1.5125661 0.7978744 0.8130284 0.6759518 2.5364345 1.2043609 1.0659938 0.8550077 1.5803219 0.5302319 0.9322010 4.0944094e-08 4.5810899e-08 0.7689755 1.9354000e-03 1.9085594 1.0642698 2.7766218 1.0474502 1.3852385 1.3533235 0.7647285 0.1087403 1.8035499 1.4324060 4.9729834 0 0 0
PPE_ENS_107 2.2054316 0.6778288 0.9431900 0.8596514 3.5424799 0.5176517 2.0311754 0.9856270 2.1667551 2.5552272 0.9912229 1.7516576e-08 7.3033569e-08 0.5775581 1.0413477e-03 1.3208700 1.9327932 0.5513633 0.7879134 3.5083064 1.7954250 0.5755629 8.9927178e-02 2.6912663 0.8763281 6.8153098 0 0 0
PPE_ENS_108 2.6095166 0.7116136 1.2631084 1.1637363 2.6407937 1.7569150 1.0301559 0.8658336 2.4092153 1.7469854 0.9560795 4.3941131e-08 7.5274031e-08 0.5769868 1.8504570e-03 1.3933595 1.3256900 2.0403290 1.1543145 3.1798435 2.2900438 0.5555834 0.1258031 1.2996284 1.6423112 4.5570788 0 0 0
PPE_ENS_109 2.8116953 1.2491311 1.1600451 1.2495315 1.3009027 3.1886534 1.8738354 0.8808996 0.6660289 1.4871847 1.0622014 4.4484211e-08 7.2563371e-08 0.7322293 1.4195220e-03 0.7162024 0.5467721 2.1743850 0.9622928 4.0779286 0.6620390 0.4483735 0.1946232 0.5998787 1.3013828 3.3997996 0 0 0
PPE_ENS_110 2.3047848 1.1682020 1.4539237 1.1767021 0.8239512 2.4121153 0.7304481 0.9999795 0.7764766 2.0681054 0.9748808 2.4613786e-08 9.7977122e-08 0.6368670 2.0818697e-03 1.4520298 1.0420002 2.8781090 1.0806939 6.0422014 2.1928384 0.4399063 0.1350722 0.7745750 0.6005357 5.2945359 0 0 0
PPE_ENS_111 0.3801983 0.6192456 1.0847804 1.3628368 0.4293008 0.5682015 1.3014894 1.0070133 1.3255555 1.8506368 0.9388630 3.7994736e-08 7.8738308e-08 0.8235181 8.4209497e-04 1.7657467 1.2558707 1.0893440 0.9602518 2.0125966 1.2719634 0.6366384 3.8373730e-02 2.8137344 1.6951940 0.2854130 0 0 0
PPE_ENS_112 1.8655378 1.2355494 0.8742514 1.1280331 0.7725571 2.2704932 1.6603791 0.8989182 2.1556352 2.4580783 0.9434672 2.7599737e-08 6.8908478e-08 0.7371267 3.7628702e-03 1.8556794 1.9745238 0.6297269 0.7651358 2.2796907 2.0695603 0.6029765 3.2633507e-02 2.0672842 1.8768776 4.0238960 0 0 0
PPE_ENS_113 2.9162573 1.3461824 0.6338669 0.8022641 1.1458928 1.4215979 0.7759185 1.0114468 2.7821776 1.8948603 0.9879228 1.9240881e-08 4.5100103e-08 0.5938906 3.3293397e-03 0.6809942 1.5819137 2.5110225 1.0027986 3.8858594 2.9775873 0.7989163 0.1292941 1.0094935 0.9934079 3.7512909 0 0 0
PPE_ENS_114 1.9277893 0.8569387 0.8041990 1.1487623 1.3887590 2.3220407 1.1364170 0.9149220 0.9726037 0.4771169 1.0878802 4.2058353e-08 9.8487559e-08 0.7917511 3.3918191e-03 1.7366456 1.0199972 0.7413789 1.2100646 3.7907364 0.9574073 0.6693980 0.1079003 0.6774049 0.9479140 5.0238081 0 0 0
PPE_ENS_115 0.5193746 0.8094585 1.3248134 0.8352695 0.6667507 1.5203511 0.9409761 1.0302008 2.3769821 2.9080721 0.9289723 3.6435210e-08 6.0771857e-08 0.6397195 5.5843081e-04 0.7588171 0.8867559 0.1961890 0.8541072 7.1557343 0.6762318 0.6352140 0.1145476 2.5441632 1.4761840 1.5960512 0 0 0
PPE_ENS_116 1.4601185 0.8116252 1.4861235 0.8702857 1.0563464 0.8921782 1.9970901 0.8892074 2.9605102 0.3877911 1.0959907 2.2337176e-08 7.4590112e-08 0.8483090 1.1468403e-03 0.5483217 1.5672770 0.8883386 0.8637314 2.7139210 1.7298064 0.7685655 9.6657237e-02 1.5449683 1.9378143 3.3325223 0 0 0
PPE_ENS_117 2.9025211 1.1885583 0.6842316 1.3768319 2.0797470 1.5692483 2.2109641 1.0138699 0.9390909 2.2595037 0.9414145 4.3078559e-08 8.7933413e-08 0.8163363 2.5842214e-03 0.8727254 0.5932613 2.9809284 1.1314650 4.6555826 3.5989702 0.6723953 0.1606886 1.3683532 0.9344524 4.6106845 0 0 0
PPE_ENS_118 0.9363777 1.0622572 1.2717686 0.6094283 1.0203711 3.0265552 0.9321355 1.0290055 0.9457273 2.2363778 1.0575973 4.2845261e-08 2.7235262e-08 0.6142434 1.6019260e-03 0.6366861 1.2478115 2.6788857 1.1234445 2.4817936 1.1676306 0.4340468 8.0138207e-02 0.6485325 0.8456372 4.7702006 0 0 0
PPE_ENS_119 0.5665448 1.1056737 0.6290564 1.0656457 1.1173064 0.9483626 0.9595241 0.9707254 2.4889619 2.6214986 1.0925311 1.9938198e-08 9.2991636e-08 0.7275320 2.1818397e-03 1.2352004 1.9013820 0.2260206 0.8354533 4.6792127 1.5405161 0.4943900 0.1420900 1.4271557 0.7050818 2.3279933 0 0 0
PPE_ENS_120 0.8852666 1.0410060 1.0435461 0.7792147 1.2656265 1.9958963 2.0074368 1.0318721 1.2290319 2.6078770 1.0551816 3.9633621e-08 6.0018876e-08 0.6319923 8.1489601e-04 1.2003263 1.8416094 1.7621068 0.7529245 0.7032592 2.6877103 0.5930288 2.3030630e-02 2.8469901 1.6578252 7.6353990 0 0 0
PPE_ENS_121 1.0929737 0.7608510 1.2270848 0.9075097 1.5071086 1.8551832 1.5841370 0.8512175 2.2059466 2.8386099 1.0127850 3.8970084e-08 3.6436640e-08 0.7969041 2.2197037e-03 1.5507591 0.9193503 2.4359553 0.7814503 1.8719168 3.1126916 0.7402781 0.1491096 1.7330560 0.6969251 3.2370394 0 0 0
PPE_ENS_122 1.5501829 0.8167493 1.1779733 1.3334857 0.9207761 3.1340203 1.8886991 0.9448598 1.4453470 1.6363809 1.0883719 3.9981199e-08 6.5993549e-08 0.6969719 1.1957799e-03 1.2483314 0.7784488 1.3288407 0.9578050 5.4034597 2.0544909 0.6948320 3.4162187e-02 0.8876497 0.7803829 2.1596669 0 0 0
PPE_ENS_123 1.3214311 0.7448521 0.9572619 1.4254669 2.3564921 3.2629182 1.7364435 0.9307170 0.8644276 0.7809678 1.0769228 2.6268376e-08 6.4687256e-08 0.6726587 3.1809155e-03 0.5752863 1.0521554 0.2524630 0.7741964 8.0520480 1.0553042 0.5609955 0.1133625 1.6760327 1.6014662 2.3987198 0 0 0
PPE_ENS_124 2.3232541 1.2556211 0.8313466 1.2320563 2.6241828 2.2025118 0.4800865 0.8654517 1.7825658 1.2760177 1.0587674 2.2407499e-08 7.6548896e-08 0.5542303 4.8034790e-04 1.4608435 0.6865983 1.0556715 0.9805671 3.9816553 3.7135384 0.4813503 8.9294678e-02 1.7040584 1.9802911 5.1161997 0 0 0
PPE_ENS_125 0.5947060 1.3914089 1.3088800 1.2449435 3.4230392 2.8334034 0.5277206 0.9730397 1.8019354 1.7913091 1.0984363 4.4362878e-08 3.1189794e-08 0.6293139 5.0777559e-04 1.3742389 0.9286436 0.3106246 1.2286734 7.3632627 0.9874019 0.7506758 2.6860285e-02 0.4234136 0.7933276 5.3629473 0 0 0
PPE_ENS_126 0.6484365 1.1446226 1.1940103 0.8443214 1.9971082 2.0990591 1.7041229 0.8829242 2.8305491 0.4036462 1.0267941 2.4146234e-08 3.2721762e-08 0.7511673 2.7305675e-03 1.6143206 1.8747948 1.8759591 1.1932803 1.7696519 1.5012635 0.7062589 0.1811298 0.8628346 1.1812073 1.8963677 0 0 0
PPE_ENS_127 0.9758539 0.9395667 0.8516716 1.4165637 0.5071235 1.3560783 0.4638225 0.9295850 2.9083715 2.9304416 0.9021778 3.8573235e-08 6.6966526e-08 0.7107985 1.7478319e-03 1.8706870 1.8478723 0.5660189 0.9266716 5.6339207 1.7737443 0.6939510 0.1944328 1.7853383 0.6879980 4.4350999 0 0 0
PPE_ENS_128 1.2562721 0.7634796 0.8247270 0.8950669 1.2083502 2.3154519 1.6406757 0.9144149 0.9941732 0.5556195 1.0008729 2.3864083e-08 9.1048820e-08 0.7160193 1.6071283e-03 1.3354667 0.9043151 1.9735035 0.8189405 2.6347545 1.6527556 0.6414624 5.0153089e-02 1.3905276 1.0814816 4.2757902 0 0 0
PPE_ENS_129 1.7240004 0.6148414 0.8533556 0.7944067 2.1545068 0.7652300 1.1684698 0.9098191 2.0440302 1.1776117 1.0751236 3.4539038e-08 7.1309445e-08 0.6548272 2.9796948e-03 1.6550019 0.9421528 0.9270573 1.0948499 5.8405206 4.1211533 0.7787392 0.1279977 2.1646817 1.0891195 1.3382749 0 0 0
PPE_ENS_130 1.0197253 1.2341667 1.4270299 1.2036167 0.7350067 2.1703564 2.4177495 1.0386777 2.4982306 2.3189484 0.9769776 4.1818345e-08 6.8121913e-08 0.5845812 4.3403546e-04 0.5144472 0.8779421 1.1506108 0.8769305 0.7621142 2.4223919 0.7323375 0.1012762 2.3195647 1.0024854 1.1717908 0 0 0
PPE_ENS_131 0.9102043 0.7377185 0.9281398 0.9015767 0.9978096 0.4827541 1.4343031 0.8967034 1.8443217 2.8207784 0.9960494 3.2805867e-08 6.1386533e-08 0.7173499 4.8841718e-04 1.0419441 1.2787304 2.9295267 0.7704415 1.3015724 1.5818290 0.5166824 5.3161586e-02 2.0499890 0.5219218 3.5005807 0 0 0
PPE_ENS_132 2.9763634 1.4475818 1.4697610 0.8615305 2.7641318 0.8877031 1.0382535 0.9535122 1.1378813 2.1134064 1.0206971 2.3508814e-08 5.3213684e-08 0.8426422 1.4930483e-03 1.5203383 0.5763695 1.9010430 1.2300269 3.1647885 1.1474638 0.4289794 0.1251848 2.6638475 1.8509731 1.2456024 0 0 0
PPE_ENS_133 2.8783592 0.9834811 0.7686078 0.9175180 2.1668086 2.1215972 1.3399934 0.8632220 2.7659446 0.6500844 1.0026395 2.4569380e-08 3.4933758e-08 0.7098761 3.6193381e-03 1.9672859 1.8290970 2.1353629 1.2222969 2.9264400 1.6253530 0.4301384 4.8826253e-02 2.5859167 0.7242069 2.7287082 0 0 0
PPE_ENS_134 2.0500503 0.8885780 1.3529252 1.2184334 1.6302927 1.9197324 2.6147413 0.9597749 2.6557038 1.3260570 0.9226684 2.2793442e-08 5.1754849e-08 0.7143847 2.9438484e-03 0.9142476 1.2092972 2.7002434 0.8011452 3.3462880 1.1832009 0.5899010 7.5809391e-02 1.3300831 1.8826049 2.1042297 0 0 0
PPE_ENS_135 2.2257125 0.6617036 0.8829590 1.0446189 0.7810765 2.4336999 1.2279010 0.8903157 1.3792912 1.5708407 1.0336493 3.3766204e-08 8.6728667e-08 0.7452445 1.1534636e-03 0.7524810 1.4851522 1.0741094 1.2481968 0.5171784 0.8664430 0.5620768 0.1589298 2.0980901 1.8623521 3.9349397 0 0 0
PPE_ENS_136 0.2210308 1.4560186 0.6968259 0.6685691 2.5653559 0.7436584 2.2245269 0.9124556 2.1110625 2.0919214 0.9520302 3.1577933e-08 4.0382009e-08 0.5628701 2.6135176e-03 0.7415582 0.5560302 1.3179206 1.1979732 6.8533846 0.8304328 0.6333233 9.9635856e-02 2.1413115 1.2078995 4.1521834 0 0 0
PPE_ENS_137 2.2505023 1.4259219 1.1356504 0.6365854 0.4556226 0.4704219 2.7566844 0.9538779 2.8868419 2.7358386 0.9718000 1.5870416e-08 5.9529660e-08 0.7837325 3.5417454e-03 1.9144471 1.7796601 0.6716518 0.9033577 2.2117728 1.5234726 0.4133371 0.1037857 2.2659525 0.9197004 1.2078125 0 0 0
PPE_ENS_138 2.8643955 1.0884160 0.6516929 1.4058288 0.6501362 0.4102035 0.5618801 0.9344373 1.6606438 1.0381122 1.0380477 4.3538035e-08 7.8120375e-08 0.8050639 2.4806412e-03 1.0194604 1.3372067 1.5576659 0.9520567 1.3582830 2.2780766 0.5417146 0.1453136 1.1324471 1.0374933 4.2107327 0 0 0
PPE_ENS_139 0.8874044 1.4701545 1.1099892 1.4053422 0.8455085 1.2309811 2.4041249 0.9354195 0.7040047 2.8797115 0.9487760 3.1189695e-08 5.5758796e-08 0.6946494 3.5598190e-03 1.2085756 1.6966323 0.1499887 1.2181540 1.8777960 1.2975284 0.4551589 0.1766778 2.0552843 1.0670867 3.8172850 0 0 0
PPE_ENS_140 1.5251137 1.4976345 1.2201831 1.0301838 1.3186606 1.2934524 2.1439489 0.9115907 0.5019515 2.5222560 1.0472587 3.1817651e-08 4.1550656e-08 0.7555055 7.3052448e-04 0.6206242 1.0365250 1.9152079 0.8235580 1.5392497 3.0763899 0.7752524 6.6158924e-02 2.7035384 1.1519663 3.6613138 0 0 0
PPE_ENS_141 2.4055340 1.0098464 1.4922922 0.9791263 1.5668414 1.8680577 1.2872430 0.8841237 2.5975596 2.2984249 0.9799973 3.7788563e-08 3.8552683e-08 0.6238063 2.1651863e-03 1.6002000 1.9851841 2.1677903 0.7647014 4.2095644 1.6741106 0.4889440 0.1847430 1.8439702 0.7915355 3.9155750 0 0 0
PPE_ENS_142 1.6436425 0.6304592 1.4183449 0.6343875 1.9334005 0.4623222 0.6796540 0.9932773 1.6487270 0.4935732 1.0438530 2.1274920e-08 3.9429766e-08 0.6610427 2.0254262e-03 1.5151073 1.6526758 1.2974111 1.1059607 1.7074772 0.5445688 0.5460625 0.1404146 2.2233356 1.6852418 3.1429024 0 0 0
PPE_ENS_143 2.4126999 0.6325703 1.1674943 1.1021999 2.6656713 1.8794502 2.1025014 0.8481378 2.8672245 0.9373374 0.9880330 3.3738935e-08 8.5291292e-08 0.5586629 2.3078458e-03 1.0010248 0.6737512 1.6633536 1.0503731 5.3393236 2.0977390 0.4038544 0.1237246 2.9443474 1.0986116 3.0893083 0 0 0
PPE_ENS_144 1.2467353 0.7879380 1.1567566 1.4565712 3.0108316 0.6047320 0.7425619 0.9290377 1.3934156 1.7758160 0.9115228 1.9722486e-08 7.0737750e-08 0.7390755 6.7728278e-04 1.0850294 1.0035945 1.9336098 0.8301836 5.9764409 0.5508200 0.4759546 9.3895696e-02 2.1122570 1.7970392 0.4896084 0 0 0
PPE_ENS_145 1.8185688 1.4050207 0.9728588 1.2088524 1.8241658 1.4721852 0.5512475 0.8763571 1.1720923 1.0340848 0.9002234 4.1271920e-08 5.5158709e-08 0.7674054 3.0857919e-03 0.6120050 0.6307089 0.3302015 1.1411602 4.5975235 2.0269520 0.7716362 6.2744730e-02 0.6257071 0.5847836 3.4468352 0 0 0
PPE_ENS_146 1.1458149 0.6245711 0.7525246 0.7368174 1.9861931 0.9901594 1.0032793 0.9217215 1.8843609 0.7141125 1.0193184 2.3231588e-08 5.3759496e-08 0.7854403 3.5681093e-03 0.9686214 1.3050537 0.6655239 0.8027624 2.3783421 1.9355743 0.7377835 0.1052230 0.5488316 1.6369512 2.0730338 0 0 0
PPE_ENS_147 2.2610319 1.0679065 0.9407875 0.6941272 1.7463140 2.3709946 1.8613949 0.9339011 0.8280856 2.0609643 0.9582565 1.5093643e-08 4.2703084e-08 0.6377645 6.2930247e-04 1.8820635 1.6149675 2.2207585 0.9990066 1.0033169 0.8961065 0.5321178 0.1554606 1.1044099 1.7845728 5.7561048 0 0 0
PPE_ENS_148 0.5043836 1.3247029 1.0111769 1.1566877 1.4400614 2.8132158 1.0960709 0.8596139 0.3456082 1.1042933 1.0856740 1.8332439e-08 9.0164267e-08 0.8126623 2.5381583e-04 1.0788104 0.7324850 1.8492586 1.1190352 4.1787718 1.8485214 0.5089973 8.2613807e-02 1.2631634 1.6781267 7.1463916 0 0 0
PPE_ENS_149 0.3068781 0.9965282 1.1449333 0.8691401 1.0392068 1.8266513 2.5701354 0.8859677 0.8987919 1.3360819 1.0064061 1.5932493e-08 4.0068571e-08 0.6252355 1.2341438e-03 1.9229305 1.0945945 1.5416202 1.0672247 3.0933683 1.9222008 0.4215021 4.4881036e-02 2.2524621 1.9069213 8.3184842 0 0 0
PPE_ENS_150 0.9574536 1.4898153 0.6128285 0.7583795 1.5788686 1.6622979 1.2038817 0.8561114 1.9482424 1.3457337 0.9553161 4.1078832e-08 8.2957478e-08 0.7950067 2.7014561e-03 1.2822944 0.9057841 2.6316451 1.1084959 4.0725142 3.2474678 0.4776949 0.1372885 2.8390622 0.8861097 4.6462095 0 0 0
PPE_ENS_151 1.2284879 1.1599593 0.9740346 1.2565850 3.1860584 2.6703979 1.6814536 0.9801748 2.3604444 1.9909044 1.0106668 2.3279241e-08 6.3557353e-08 0.8268731 2.6625674e-04 1.6092145 1.0595657 2.4648690 0.9957946 4.6039487 2.9167748 0.5538186 4.8375667e-02 1.4717092 1.6321909 5.6190051 0 0 0
PPE_ENS_152 1.6036159 1.0168438 0.6753705 0.7711005 1.7757646 2.0953137 1.3180517 1.0245673 2.2747197 2.3648507 0.9789482 2.7813140e-08 8.0625009e-08 0.8324206 9.1189038e-04 1.6871729 1.2831056 0.4074968 0.7988382 0.9255563 2.3059944 0.7207583 8.3048234e-02 0.8020443 1.0504698 3.6695572 0 0 0
PPE_ENS_153 0.6905742 1.2150158 0.9804829 1.1178950 0.4009176 1.4027033 0.8247947 0.9627799 1.1239849 2.7474774 1.0219581 2.7644866e-08 2.8527959e-08 0.7872823 1.6443344e-03 1.6753100 0.5216023 1.4354911 0.8791593 2.1762190 4.2126787 0.5647740 7.7462248e-02 1.9435925 1.2689549 4.8304410 0 0 0
PPE_ENS_154 0.6874669 1.3696831 1.1919982 1.4632245 1.4519881 0.4258296 2.6592457 1.0030812 1.0109665 0.3719734 0.9479666 3.7917980e-08 6.9297986e-08 0.8219437 2.4584700e-03 1.7991008 1.7431164 7.9228453e-02 1.2250054 3.7551481 2.6659496 0.6141965 0.1221567 1.8702168 1.3363389 2.1372592 0 0 0
PPE_ENS_155 2.3822702 1.1311355 1.2820674 1.3040741 1.5118238 2.5620100 1.0819863 0.8458093 0.4662963 0.6951118 1.0230886 3.4911053e-08 6.9800006e-08 0.7128967 3.4448357e-03 1.4532792 1.9257957 1.6832182 0.8880597 2.3429444 2.3843327 0.4107053 0.1890027 2.2466858 0.5721396 6.1561687 0 0 0
PPE_ENS_156 1.2942231 1.3576339 1.0922685 1.1622638 0.5696298 2.4433917 1.7685528 0.9954964 1.0921362 0.8553507 0.9196615 2.1556316e-08 9.5092971e-08 0.7332079 3.8627741e-03 1.6790520 1.4068536 0.7575277 0.8700293 4.3082385 1.7496602 0.6861002 0.1679416 0.6132628 1.9016948 0.1930954 0 0 0
PPE_ENS_157 1.0391249 0.8461431 1.3625428 0.9009862 2.4328247 1.9439703 0.5940716 0.9841972 2.3520635 1.6197767 1.0178775 2.9038975e-08 5.6563801e-08 0.5517835 2.1525245e-03 1.7814471 0.6359713 2.2973291 1.0653865 0.5799358 2.7990370 0.5823314 0.1882916 0.9588079 1.3453674 1.1012565 0 0 0
PPE_ENS_158 2.2381903 1.1232057 1.2033018 0.6453629 3.2965071 3.7059528 0.6688185 0.8783021 2.7045393 0.4539760 1.0492439 2.1849439e-08 8.1159385e-08 0.7630613 3.9518328e-03 1.9603187 0.9226756 2.4137625 1.1580326 1.6607713 1.2022288 0.5918213 8.5974570e-02 2.9985280 0.8695037 4.4812997 0 0 0
PPE_ENS_159 1.8463653 1.1642470 1.1662112 0.7319357 1.5629908 1.1432338 1.7823268 0.9020112 0.6572948 0.9273056 0.9898910 4.4665913e-08 2.6662683e-08 0.7185091 2.2791995e-03 1.0311608 0.8178463 2.5833815 0.9766098 2.2371974 0.7531975 0.4430828 0.1164316 0.3971413 1.0297953 5.5828191 0 0 0
PPE_ENS_160 0.9158247 1.2240980 0.6688638 0.7915423 1.4206481 2.0719721 3.1015647 0.9872516 1.4789080 0.6168839 0.9159970 2.4408876e-08 5.7526930e-08 0.8462705 3.2054414e-03 1.8130983 0.5605084 0.4418012 0.7916085 2.3980971 2.6465310 0.7482005 0.1807005 1.2071447 1.0130027 0.1482138 0 0 0
PPE_ENS_161 1.7911348 1.1208193 1.0035414 0.9852914 1.0668580 2.4857938 1.2565979 1.0242496 0.7940263 1.2346960 0.9864634 3.9891415e-08 5.2512339e-08 0.7914121 1.5569374e-03 1.7400261 0.5261118 2.7968627 1.0769245 3.2429642 0.7311948 0.6056800 0.1543909 1.7794765 1.8216636 5.5074621 0 0 0
PPE_ENS_162 1.4134977 1.0362474 1.3311101 1.3575786 2.0999170 1.7272886 1.2126904 0.8871285 2.6664421 0.8710505 1.0417523 3.5254690e-08 8.7157776e-08 0.7305187 3.2007515e-03 0.6197759 1.7555847 2.3532703 1.1111820 4.4980847 1.6013950 0.4729093 2.8868445e-02 0.3585449 0.8372162 6.5532284 0 0 0
PPE_ENS_163 1.0537812 1.3762625 1.0487523 1.0862057 3.1715089 1.3820123 1.4123199 1.0332219 0.6893214 1.5105420 0.9360837 3.2018707e-08 9.7443364e-08 0.6763923 3.9245690e-03 0.9758869 0.8090115 1.2155848 1.1861220 2.8960675 2.0364548 0.6530921 6.3260744e-02 2.8877012 0.6502780 2.4558130 0 0 0
PPE_ENS_164 1.1896890 0.9468136 0.7159574 0.9912114 0.9265745 1.6428796 0.9084502 0.9750695 1.4239661 1.4519285 1.0899599 3.0410468e-08 9.7332031e-08 0.5509515 2.3489026e-03 0.8667975 1.7243815 0.1872978 0.9098388 1.2675001 2.6136889 0.7153083 9.2628714e-02 2.5248632 1.4867212 2.5298001 0 0 0
PPE_ENS_165 2.0457031 1.3145861 0.8438140 0.8137496 2.4207476 0.9693131 0.6377530 0.9089208 0.5209793 0.7879575 1.0708279 1.8756906e-08 6.4877869e-08 0.6528871 2.8006766e-04 1.3789232 1.0011381 2.2780071 0.8343198 4.2323153 3.6873481 0.4099145 0.1613580 0.5815728 1.6093858 0.3451278 0 0 0
PPE_ENS_166 0.6113281 1.4216276 1.2094192 0.6668954 0.9115335 0.5445287 1.6035883 0.9132593 0.4447650 1.3999226 1.0501240 1.9117660e-08 7.4454053e-08 0.5816913 1.3309857e-03 1.4870959 1.4206042 0.2892803 0.8522211 1.4268285 0.7716720 0.5715053 0.1824741 0.4423952 0.7107250 0.7549490 0 0 0
PPE_ENS_167 1.3765843 0.9704438 0.7559208 0.6621652 0.8096178 0.6558640 1.9290685 0.9205016 2.9512676 0.8344104 1.0529658 2.1147754e-08 6.5141891e-08 0.7607282 1.2638402e-03 1.0718483 0.6190625 2.3233996 0.8467245 3.8173754 2.9238313 0.4520120 0.1760854 0.6912329 1.3822847 2.2261542 0 0 0
PPE_ENS_168 1.1592446 1.0218216 0.6066290 1.0062380 0.9471648 2.6399860 2.0433387 1.0284305 1.1945678 2.6952643 1.0056081 2.4875434e-08 5.0563271e-08 0.6933868 2.4662906e-03 1.5435623 1.3864604 0.4935302 1.2064297 4.8446418 2.2633056 0.6627333 0.1438936 2.6280634 1.6726907 6.3868830 0 0 0
PPE_ENS_169 0.4882442 0.6557483 1.1751460 0.8205200 2.5127546 2.3828762 0.8130942 1.0431249 2.7154639 1.8906534 0.9626185 3.6839243e-08 5.7825705e-08 0.6667287 1.4642324e-03 1.1609070 1.2183441 2.3914436 1.0237898 1.8376039 2.9437955 0.7737754 5.8674546e-02 1.2243739 0.6080779 3.1921742 0 0 0
PPE_ENS_170 2.7808619 1.4756241 1.4471225 1.3155072 1.0109479 0.7753055 2.3337733 1.0485565 1.9113494 1.7233964 0.9049267 4.0574993e-08 8.4825238e-08 0.5926540 2.4196630e-03 1.5286744 0.8671044 2.4036354 1.0604125 1.7245626 0.7417091 0.6568897 7.0667615e-02 2.8562131 1.9553027 6.6848322 0 0 0
PPE_ENS_171 0.2548485 1.1170202 0.8668097 0.7666899 1.0267959 1.1775736 2.0895876 0.9325404 2.7899828 2.8922043 0.9086643 2.3017804e-08 8.7274525e-08 0.7255446 3.1096678e-03 1.3417105 1.5017028 1.8636661 1.1821766 2.0799097 1.2218326 0.7115919 0.1362160 2.8002904 0.8588296 2.7885348 0 0 0
PPE_ENS_172 2.7313516 1.1730321 1.3853335 1.3511741 2.7588734 0.6709661 1.5645831 1.0218686 1.0863836 2.3926453 1.0296612 3.1026975e-08 4.0850284e-08 0.6732835 3.5208409e-03 1.2264914 1.5215952 3.4773632e-02 0.8721757 4.3397488 2.2593283 0.7895662 0.1281706 2.7177682 1.0182052 0.8552634 0 0 0
PPE_ENS_173 2.5639770 0.8503287 0.8356865 0.7490503 0.8392596 0.5845024 1.8129925 0.8690718 0.5475910 2.6354288 1.0356799 3.9363078e-08 5.3060843e-08 0.5685319 2.9987705e-03 1.4753416 1.3189330 0.5179243 1.1719009 3.0273231 2.6417486 0.7527295 0.1143300 0.8431621 0.5436178 6.8887868 0 0 0
PPE_ENS_174 0.4257954 1.3294491 0.7419617 1.3072720 0.8775308 2.0047872 0.6145326 0.9977596 1.0358214 1.5304061 0.9605259 1.7996283e-08 3.9963026e-08 0.7733476 1.1192968e-03 1.1285390 1.6380957 1.8212618 1.1877137 9.2362564 2.3710289 0.5280249 0.1535261 1.6394603 1.4053339 1.6645176 0 0 0
PPE_ENS_175 1.9007017 0.8400294 1.0974733 1.2731360 1.6127085 0.9581160 1.1056972 1.0090596 2.7466086 2.5866234 1.0253558 4.2394517e-08 5.1147965e-08 0.7205675 1.7233698e-03 0.8248127 1.7019829 2.6613056 0.8627454 6.4304139 2.8658971 0.5423890 7.3280374e-02 2.4735291 0.9104232 1.5800847 0 0 0
PPE_ENS_176 2.4336757 0.9613503 1.4748018 1.1443041 2.2949751 1.6948534 0.9970501 0.9686925 2.4541064 0.9087711 0.9846396 2.7302609e-08 5.3891349e-08 0.6566045 4.0336109e-04 1.9807608 1.3814629 0.8560153 0.8851367 6.5056999 2.8520711 0.5059041 6.9478916e-02 2.3365967 1.2171690 5.6696875 0 0 0
PPE_ENS_177 1.3735210 0.9454619 0.8390898 1.0044352 0.6905840 1.5904364 2.0778603 1.0447505 0.3659166 2.8503790 1.0227579 2.4177548e-08 6.2029514e-08 0.5721896 3.4090919e-03 1.1525406 1.1182414 0.9671492 0.8910012 2.5420266 2.0134535 0.4669623 3.0152995e-02 0.7956793 1.7210248 3.8370637 0 0 0
PPE_ENS_178 2.7368075 0.6930382 0.7460561 1.1969790 1.1023832 0.7393787 2.9669111 0.9185766 0.6297161 1.9229365 0.9010696 3.1652624e-08 8.9480246e-08 0.6044476 7.6886984e-04 1.7483088 0.6202440 1.5259335 0.9390602 6.1442520 2.8855838 0.4061403 0.1264099 1.6176022 1.9422303 4.5303007 0 0 0
PPE_ENS_179 0.3938024 1.4459461 0.6421228 1.2027001 3.0682300 2.4741473 1.9392028 0.8618916 1.2837698 1.1430472 1.0842288 2.3637524e-08 7.4105501e-08 0.7868076 2.3256735e-03 1.1741210 1.7992089 2.1084805 1.2118926 5.3514658 2.3261438 0.4043354 2.0347415e-02 1.0687009 0.8662970 7.0174512 0 0 0
PPE_ENS_180 1.7343587 1.2855538 0.8166890 1.4537803 0.4720280 2.1270424 3.1434838 0.9672316 0.8160640 2.2194499 1.0963829 3.4756272e-08 9.0385285e-08 0.6224655 1.4016025e-03 1.3856162 1.9212468 2.4992214 1.0091841 2.6534697 1.3858864 0.4850504 0.1784759 2.6759725 1.2430582 6.2971983 0 0 0
PPE_ENS_181 2.9968954 0.6634196 0.9944518 1.4690113 0.9659022 0.5905919 2.6018405 0.9007967 2.3323073 1.4940215 0.9264008 3.2953409e-08 8.6489623e-08 0.5644378 1.1119879e-03 1.4044054 1.5965901 0.4235186 0.8497652 3.5872338 1.6503627 0.6816562 6.4287408e-02 2.1294979 1.6201289 0.1165932 0 0 0
PPE_ENS_182 2.8438644 1.2700543 1.3693153 0.7650259 1.8484581 0.6333789 0.8377218 0.9893424 1.9312530 2.8658689 0.9507502 1.9521384e-08 7.1760051e-08 0.6888138 3.1384883e-03 1.3167477 1.1317715 5.7366704e-02 0.9726360 3.3011102 2.7498997 0.4247866 0.1029885 2.3988278 1.8115638 4.1884371 0 0 0
PPE_ENS_183 1.5671923 1.4846207 0.9610402 1.0372158 2.5977888 0.7123778 2.4820854 0.9492926 0.3392373 1.5783935 0.9733991 3.6272834e-08 3.7324743e-08 0.7423374 1.9534279e-03 0.8203922 0.7498413 1.1676972 0.9833061 0.8407499 1.6215217 0.5010773 2.2377684e-02 0.6718340 0.5576701 6.2650428 0 0 0
PPE_ENS_184 0.8616231 1.0498053 0.6226555 1.0482189 1.9622502 0.7779273 0.5816417 0.9582619 1.5052803 1.1537792 1.0084528 3.6990310e-08 6.3630984e-08 0.6342962 3.9704946e-03 0.8398944 0.8356430 2.9438591 1.0143418 5.9558220 1.4411932 0.4466262 0.1712483 2.7308254 1.5750440 5.8212915 0 0 0
PPE_ENS_185 1.6141519 0.9158976 1.3213589 1.1877853 1.8353651 1.0893562 2.1752993 0.9641789 2.1016314 2.4846838 0.9772873 1.7095041e-08 7.9199187e-08 0.8091076 2.8678286e-03 1.1486930 0.7101108 0.9000305 1.2084496 3.6277986 1.0007947 0.5261935 0.1523872 0.9322339 1.2589923 0.3918090 0 0 0
PPE_ENS_186 2.3963392 0.9549217 0.7237046 1.4874647 1.3504213 2.2178826 1.5171212 0.9613120 0.3705245 1.3154722 1.0830886 3.8319090e-08 9.5202970e-08 0.7296526 8.0771035e-04 0.8548328 0.6941810 2.6030706 1.0389798 1.1871376 0.6167366 0.7932857 9.5814217e-02 2.1868835 0.9399666 3.5433879 0 0 0
PPE_ENS_187 1.0611537 0.7069548 1.3377882 0.6556858 2.0059310 1.2516553 2.6970745 1.0364970 2.2946550 2.2068857 0.9937273 4.3751180e-08 4.8464785e-08 0.7352167 9.2937968e-04 0.6341077 1.4619445 0.1215598 0.7936333 2.5841861 3.2919008 0.5660401 0.1711423 1.6578198 1.4591983 5.1464126 0 0 0
PPE_ENS_188 1.5318059 1.1820117 0.6566060 1.2673639 1.3736980 2.0459412 1.4729405 0.8767907 0.7005823 0.5643376 1.0564571 2.1955888e-08 8.4602871e-08 0.6159993 1.3667699e-03 1.5850057 1.7112363 2.0271881 0.7966113 1.1229467 2.4624493 0.4960587 0.1648941 0.7198352 1.2873429 6.9196147 0 0 0
PPE_ENS_189 2.3383480 0.7911096 1.4965172 0.8494791 1.5322759 1.6204654 3.4014675 0.8940665 0.9162296 1.6781290 0.9800740 1.8116580e-08 4.5438804e-08 0.6704376 3.3206946e-04 0.7356062 1.9510219 1.2374315 1.1711501 6.5807244 2.3615014 0.7133426 0.1971768 1.9679337 0.6328667 1.8617891 0 0 0
PPE_ENS_190 1.6812466 1.3517010 1.0174186 0.9121857 2.6869941 1.9611774 0.5368747 1.0479123 2.1924799 2.2454663 0.9458309 2.8496927e-08 3.8284190e-08 0.7703592 2.8236957e-03 1.7597894 0.8593730 0.9087886 1.1249321 0.7983341 0.4637023 0.5815486 0.1200224 2.6097472 0.9638763 8.8246512 0 0 0
PPE_ENS_191 2.6768674 0.6947094 0.6477198 1.4427984 0.6346420 1.2772510 2.0224710 0.8604902 0.7440441 0.4158958 1.0782980 3.6033636e-08 9.2180757e-08 0.8140324 1.0566429e-03 0.9518043 1.8215322 2.7146174 1.1774015 1.4964448 1.0705472 0.4612153 0.1635842 0.8723752 0.5947809 2.3716532 0 0 0
PPE_ENS_192 0.9945002 0.7817078 1.2956354 0.9221919 1.2900282 2.2864748 0.4487775 1.0176606 0.9582570 2.0974068 0.9109101 3.0253617e-08 9.4695445e-08 0.6745745 5.3264087e-04 0.6613850 0.6669406 2.9139801 1.1670532 1.2855960 2.4699832 0.5845243 0.1109488 1.5812950 1.4097477 4.3172683 0 0 0
PPE_ENS_193 1.3907472 1.3689117 1.2554287 0.6302540 1.7890910 1.7480069 1.4994418 0.8529305 2.9919654 0.8920346 0.9231904 2.2647586e-08 3.7436384e-08 0.5698301 3.7250635e-03 0.8942824 1.7861922 1.7458075 0.8425461 3.2757240 2.5235972 0.4921265 0.1510642 1.5085392 1.5202833 0.3114969 0 0 0
PPE_ENS_194 2.4659206 0.6012288 0.7372765 1.3536499 1.9441686 0.9133337 1.6443264 0.9065115 2.5755726 2.3542757 1.0392672 4.1932251e-08 7.9635070e-08 0.6809728 1.5132714e-03 1.9717275 0.9518984 2.3714677 1.0334247 5.5160723 0.6832556 0.6135756 0.1781386 2.9256601 1.1443925 4.6794629 0 0 0
PPE_ENS_195 1.4924850 0.9591006 0.7097785 1.4343459 2.0405596 1.2389020 0.9483714 0.9547375 1.3490284 1.8637944 0.9354791 2.2125413e-08 5.8923089e-08 0.8370369 2.7945578e-03 0.7825660 1.4585230 1.5025410 1.0224982 5.5812055 3.8111254 0.7960255 0.1191373 2.2962391 1.5887378 1.6378770 0 0 0
PPE_ENS_196 1.3362118 1.1444315 0.9466930 1.4831584 2.9508431 1.1033614 2.9143854 0.8976869 1.5327545 1.3803727 1.0041551 3.1244290e-08 4.3702722e-08 0.7625660 2.9220281e-03 1.8747293 1.2289153 0.7029799 0.8057750 0.3961126 3.1503679 0.4793041 0.1698609 2.9616156 0.7415824 3.5829024 0 0 0
PPE_ENS_197 2.5340704 1.4147782 0.7207439 1.1755218 1.0818179 1.3489967 0.7841621 0.8470586 0.8904377 1.2161003 0.9578072 2.9539288e-08 4.4426340e-08 0.6425428 3.8107349e-03 0.9068773 1.5144758 0.4591563 1.1004697 5.0551212 2.4429542 0.5373580 0.1794453 1.7215453 1.9320239 1.5461063 0 0 0
PPE_ENS_198 2.8258338 0.7994272 0.9894129 1.0221154 0.5791571 0.7316934 3.6209381 1.0421470 1.2739103 1.4158355 1.0710070 3.3359030e-08 4.7170308e-08 0.7477144 3.9871529e-03 0.9849873 1.9155782 1.7126058 0.7842923 2.8197282 1.3282851 0.5998331 0.1655905 0.9497420 1.5086905 0.8679887 0 0 0
PPE_ENS_199 1.6610469 0.6048001 0.9092672 1.2977016 2.3278031 1.8088529 1.0499816 0.8805960 1.8335838 0.3319808 1.0642423 2.6088496e-08 7.6270064e-08 0.5668606 2.2814543e-04 0.5180806 0.9467670 1.4095377 0.7852050 1.6221366 1.8813765 0.5142955 7.7876683e-02 1.9183808 1.5460334 3.6111842 0 0 0
PPE_ENS_200 0.6704681 1.2643573 1.1273134 1.1044471 0.4392104 2.0247073 2.6353522 0.9265999 2.2256689 1.1645186 1.0244709 3.2510829e-08 9.1680078e-08 0.5567950 2.0058262e-03 1.4268501 0.8932486 0.1746792 0.9540157 1.4759104 1.9532605 0.7033389 9.3094686e-02 1.7651590 1.8187731 1.7276317 0 0 0
